#RbH2 2D potential. The variables are 1) radial distance from H2 center of mass to Rb atom,2) polar angle theta. 
#Radial distance is given in Angstrom, [3.4:0.2:30], theta varies in [0:5:90] degree.
                134   19 #number of radial and polar grid points
           0.2    5   #intervals of r and theta
 3.40000000  #first r value
 3.60000000
 3.80000000
 4.00000000
 4.20000000
 4.40000000
 4.60000000
 4.80000000
 5.00000000
 5.20000000
 5.40000000
 5.60000000
 5.80000000
 6.00000000
 6.20000000
 6.40000000
 6.60000000
 6.80000000
 7.00000000
 7.20000000
 7.40000000
 7.60000000
 7.80000000
 8.00000000
 8.20000000
 8.40000000
 8.60000000
 8.80000000
 9.00000000
 9.20000000
 9.40000000
 9.60000000
 9.80000000
10.00000000
10.20000000
10.40000000
10.60000000
10.80000000
11.00000000
11.20000000
11.40000000
11.60000000
11.80000000
12.00000000
12.20000000
12.40000000
12.60000000
12.80000000
13.00000000
13.20000000
13.40000000
13.60000000
13.80000000
14.00000000
14.20000000
14.40000000
14.60000000
14.80000000
15.00000000
15.20000000
15.40000000
15.60000000
15.80000000
16.00000000
16.20000000
16.40000000
16.60000000
16.80000000
17.00000000
17.20000000
17.40000000
17.60000000
17.80000000
18.00000000
18.20000000
18.40000000
18.60000000
18.80000000
19.00000000
19.20000000
19.40000000
19.60000000
19.80000000
20.00000000
20.20000000
20.40000000
20.60000000
20.80000000
21.00000000
21.20000000
21.40000000
21.60000000
21.80000000
22.00000000
22.20000000
22.40000000
22.60000000
22.80000000
23.00000000
23.20000000
23.40000000
23.60000000
23.80000000
24.00000000
24.20000000
24.40000000
24.60000000
24.80000000
25.00000000
25.20000000
25.40000000
25.60000000
25.80000000
26.00000000
26.20000000
26.40000000
26.60000000
26.80000000
27.00000000
27.20000000
27.40000000
27.60000000
27.80000000
28.00000000
28.20000000
28.40000000
28.60000000
28.80000000
29.00000000
29.20000000
29.40000000
29.60000000
29.80000000
30.00000000 #last r value
 1.00000 #first cos(theta) value
 0.99619
 0.98481
 0.96593
 0.93969
 0.90631
 0.86603
 0.81915
 0.76604
 0.70711
 0.64278
 0.57357
 0.50000
 0.42262
 0.34202
 0.25882
 0.17365
 0.08716
 0.00000 #last cos(theta) value
1043.1494829 #first potential in K  
1040.5477447  
1032.8628972  
1020.4516293  
1003.8578256  
983.77759765  
961.01802703  
936.44689096  
910.94562511  
885.37918385  
860.53860322  
837.13314219  
815.77305622  
796.97002930  
781.10534693  
768.48884375  
759.33664178  
753.79183913  
751.93536999  
746.01863082  
744.37780991  
739.54105654  
731.73783996  
721.31418516  
708.71811693  
694.43774380  
679.01748082  
663.02085368  
646.97903466  
631.38929955  
616.68706434  
603.27977583  
591.42271617  
581.46667337  
573.62042282  
567.87985039  
564.40238301  
563.23853808  
531.47188355  
530.45692887  
527.40782928  
522.59191421  
516.09845566  
508.41133558  
499.62010687  
490.07366403  
480.36135775  
470.48094050  
460.87149967  
451.80034908  
443.52710585  
436.24008228  
430.09542605  
425.21024600  
421.66762955  
419.52216618  
418.80461721  
373.54590532  
372.93721807  
371.14985724  
368.27754568  
364.45597126  
359.84252451  
354.62700549  
348.99820712  
343.14807584  
337.26919464  
331.54341002  
326.13692218  
321.19512627  
316.83900403  
313.16410467  
310.24192452  
308.12289303  
306.83984331  
306.41110723  
256.93153481  
256.58563309  
255.57188462  
253.95144246  
251.80505305  
249.22528889  
246.31303634  
243.17078619  
239.90479142  
236.61877380  
233.41232379  
230.40020831  
227.62497415  
225.17417707  
223.10380643  
221.45604726  
220.26061815  
219.53676287  
219.29515713  
171.48140032  
171.30257685  
170.78184287  
169.95729943  
168.87559197  
167.58636140  
166.14061317  
164.58770859  
162.97715078  
161.35705176  
159.77334049  
158.26974925  
156.88671297  
155.66024841  
154.62047257  
153.79074872  
153.18780238  
152.82249274  
152.70081903  
109.74470348  
109.66972840  
109.45452794  
109.12217690  
108.69848706  
108.20753807  
107.67125090  
107.10603653  
106.52854694  
105.95178157  
105.38776306  
104.84870557  
104.34756288  
103.89774907  
103.51214311  
103.20170022  
102.97478274  
102.83696805  
102.79133679  
 65.96399355  
 65.95258366  
 65.92305738  
 65.88879880  
 65.86203933  
 65.85213028  
 65.86227908  
 65.89242759  
 65.93852220  
 65.99363762  
 66.04983569  
 66.10012636  
 66.14008699  
 66.16843065  
 66.18643996  
 66.19677427  
 66.20225842  
 66.20503853  
 66.20634159  
 35.62454331  
 35.65065874  
 35.73044345  
 35.87006427  
 36.07367901  
 36.33971609  
 36.66204866  
 37.03101561  
 37.43174663  
 37.84686028  
 38.25784000  
 38.64726203  
 39.00070088  
 39.30782768  
 39.56243160  
 39.76148814  
 39.90400431  
 39.98977933  
 40.01882366  
 15.18929968  
 15.23588752  
 15.37581204  
 15.60979053  
 15.93549144  
 16.34606858  
 16.83044388  
 17.37306410  
 17.95441891  
 18.55256046  
 19.14448744  
 19.70818400  
 20.22442951  
 20.67809243  
 21.05846535  
 21.35881968  
 21.57533472  
 21.70613245  
 21.75020398  
  1.91944601  
  1.97548293  
  2.14301204  
  2.41946231  
  2.79866514  
  3.27066220  
  3.82148269  
  4.43324222  
  5.08494360  
  5.75357773  
  6.41530046  
  7.04712045  
  7.62844769  
  8.14228146  
  8.57574369  
  8.91988762  
  9.16902519  
  9.31983330  
  9.37058124  
 -6.27300743  
 -6.21447723  
 -6.03993844  
 -5.75380860  
 -5.36415603  
 -4.88261117  
 -4.32433009  
 -3.70757092  
 -3.05302456  
 -2.38142370  
 -1.71985724  
 -1.08593659  
 -0.50091081  
  0.01826745  
  0.46625397  
  0.81700730  
  1.07180631  
  1.22637583  
  1.27840554  
-10.94715374  
-10.89285697  
-10.72389648  
-10.44782300  
-10.07361968  
 -9.61342952  
 -9.08236475  
 -8.49801538  
 -7.87979704  
 -7.24819039  
 -6.62378386  
 -6.01824418  
 -5.46600167  
 -4.97461226  
 -4.55682580  
 -4.22280189  
 -3.97948336  
 -3.83152555  
 -3.78182676  
-13.24298680  
-13.20223732  
-13.04633678  
-12.79163945  
-12.44740796  
-12.02549555  
-11.54036316  
-11.00838342  
-10.44718377  
 -9.86682128  
 -9.30189388  
 -8.76156422  
 -8.26173612  
 -7.81616684  
 -7.43687284  
 -7.13284016  
 -6.91092375  
 -6.77609720  
 -6.73033864  
-14.00233971  
-13.95792666  
-13.81799818  
-13.58995396  
-13.28250713  
-12.90678696  
-12.47605910  
-12.00513400  
-11.50970047  
-11.00572787  
-10.50891863  
-10.03413272  
 -9.59476265  
 -9.20326279  
 -8.86950164  
 -8.60162566  
 -8.40619815  
 -8.28663776  
 -8.24648581  
-13.79444254  
-13.75498208  
-13.63234871  
-13.43277565  
-13.16425724  
-12.83690780  
-12.46260505  
-12.05442268  
-11.62601284  
-11.19118436  
-10.76288906  
-10.35438891  
 -9.97679518  
 -9.64015433  
 -9.35305538  
 -9.12285971  
 -8.95397663  
 -8.85134837  
 -8.81663762  
-13.01980797  
-12.98548141  
-12.87972909  
-12.70807679  
-12.47791069  
-12.19753430  
-11.87758756  
-11.52904367  
-11.16435383  
-10.79488191  
-10.43180734  
-10.08573625  
 -9.76580335  
 -9.48075575  
 -9.23769143  
 -9.04274962  
 -8.89977514  
 -8.81282923  
 -8.78345842  
-11.94713405  
-11.91876358  
-11.82917847  
-11.68378921  
-11.48872316  
-11.25196300  
-10.98193884  
-10.68851274  
-10.38160954  
-10.07102246  
 -9.76612040  
 -9.47562226  
 -9.20743101  
 -8.96856771  
 -8.76517026  
 -8.60145204  
 -8.48199570  
 -8.40907773  
 -8.38444968  
-10.75538658  
-10.73123165  
-10.65614705  
-10.53438394  
-10.37107601  
-10.17274714  
 -9.94693367  
 -9.70175134  
 -9.44550227  
 -9.18635780  
 -8.93211313  
 -8.69000481  
 -8.46661928  
 -8.26788264  
 -8.09814408  
 -7.96213698  
 -7.86259846  
 -7.80189175  
 -7.78139437  
 -9.55328875  
 -9.53292379  
 -9.47045006  
 -9.36920070  
 -9.23342853  
 -9.06856306  
 -8.88087355  
 -8.67710876  
 -8.46417699  
 -8.24887426  
 -8.03767708  
 -7.83662691  
 -7.65127769  
 -7.48594988  
 -7.34529280  
 -7.23229212  
 -7.14965314  
 -7.09926752  
 -7.08226656  
 -8.40589130  
 -8.38884404  
 -8.33711727  
 -8.25331091  
 -8.14090501  
 -8.00436440  
 -7.84886155  
 -7.67997985  
 -7.50344253  
 -7.32489234  
 -7.14974697  
 -6.98307245  
 -6.82905072  
 -6.69209886  
 -6.57531648  
 -6.48155648  
 -6.41300053  
 -6.37120402  
 -6.35710490  
 -7.34785996  
 -7.33366575  
 -7.29094771  
 -7.22172310  
 -7.12881585  
 -7.01588500  
 -6.88714246  
 -6.74725773  
 -6.60098031  
 -6.45299718  
 -6.30759943  
 -6.16924373  
 -6.04138633  
 -5.92766446  
 -5.83069293  
 -5.75283354  
 -5.69590690  
 -5.66120084  
 -5.64949800  
 -6.39446622  
 -6.38255942  
 -6.34733188  
 -6.29014231  
 -6.21332203  
 -6.11986644  
 -6.01326386  
 -5.89730642  
 -5.77595104  
 -5.65296206  
 -5.53228308  
 -5.41716485  
 -5.31097749  
 -5.21631970  
 -5.13560610  
 -5.07079261  
 -5.02340049  
 -4.99451547  
 -4.98475531  
 -5.54884409  
 -5.53895616  
 -5.50973339  
 -5.46237774  
 -5.39874014  
 -5.32125492  
 -5.23280133  
 -5.13648542  
 -5.03559979  
 -4.93329485  
 -4.83280846  
 -4.73688377  
 -4.64836406  
 -4.56941859  
 -4.50207906  
 -4.44799027  
 -4.40843038  
 -4.38431731  
 -4.37613944  
 -4.80711003  
 -4.79874697  
 -4.77457579  
 -4.73527652  
 -4.68242563  
 -4.61801427  
 -4.54441364  
 -4.46421959  
 -4.38009399  
 -4.29479674  
 -4.21082302  
 -4.13075511  
 -4.05669609  
 -3.99063118  
 -3.93426441  
 -3.88897126  
 -3.85583615  
 -3.83549488  
 -3.82866028  
 -4.16166229  
 -4.15472823  
 -4.13453241  
 -4.10179035  
 -4.05774846  
 -4.00403402  
 -3.94260073  
 -3.87560336  
 -3.80525263  
 -3.73385895  
 -3.66354749  
 -3.59638018  
 -3.53422802  
 -3.47875052  
 -3.43138720  
 -3.39331268  
 -3.36544833  
 -3.34830490  
 -3.34255281  
 -3.60312022  
 -3.59713542  
 -3.58040075  
 -3.55107731  
 -3.51607191  
 -3.47122799  
 -3.41977402  
 -3.36358284  
 -3.30456301  
 -3.24456777  
 -3.18543640  
 -3.12889639  
 -3.07653286  
 -3.02975902  
 -2.98979580  
 -2.95765247  
 -2.93391388  
 -2.91947949  
 -2.91467342  
 -3.11950028  
 -3.11653624  
 -3.10250979  
 -3.07954168  
 -3.04859592  
 -3.01080525  
 -2.96751119  
 -2.92021525  
 -2.87046654  
 -2.81985098  
 -2.76991390  
 -2.72211871  
 -2.67580597  
 -2.63807236  
 -2.60432434  
 -2.57707521  
 -2.55692632  
 -2.54467563  
 -2.54059987  
 -2.70533553  
 -2.70313372  
 -2.69132991  
 -2.67196319  
 -2.64585487  
 -2.61395332  
 -2.57737836  
 -2.53737588  
 -2.49526132  
 -2.45236901  
 -2.41000793  
 -2.36942280  
 -2.33176524  
 -2.29806919  
 -2.26923448  
 -2.24601281  
 -2.22884327  
 -2.21840202  
 -2.21492783  
 -2.35161904  
 -2.34811700  
 -2.33799123  
 -2.32157269  
 -2.29944094  
 -2.27238149  
 -2.24133311  
 -2.20734385  
 -2.17152412  
 -2.13500626  
 -2.09890332  
 -2.06427947  
 -2.03212277  
 -2.00332456  
 -1.97866260  
 -1.95864801  
 -1.94221270  
 -1.93509676  
 -1.93218575  
 -2.04393227  
 -2.04286996  
 -2.03439528  
 -2.02043126  
 -2.00158097  
 -1.97851594  
 -1.95203005  
 -1.92300887  
 -1.89239590  
 -1.86115498  
 -1.83023870  
 -1.80056087  
 -1.77297316  
 -1.74824698  
 -1.72695207  
 -1.70995552  
 -1.69735193  
 -1.68967660  
 -1.68711601  
 -1.78339698  
 -1.78084350  
 -1.77347271  
 -1.76151025  
 -1.74536889  
 -1.72560875  
 -1.70290143  
 -1.67800016  
 -1.65170880  
 -1.62485320  
 -1.59825236  
 -1.57269453  
 -1.54891759  
 -1.52753373  
 -1.50929438  
 -1.49449020  
 -1.48364181  
 -1.47703036  
 -1.47482260  
 -1.55746958  
 -1.55527810  
 -1.54894161  
 -1.53867164  
 -1.52476404  
 -1.50778054  
 -1.48818759  
 -1.46674434  
 -1.44402609  
 -1.42084608  
 -1.39783332  
 -1.37572193  
 -1.35513533  
 -1.33664594  
 -1.32080617  
 -1.30799390  
 -1.29859429  
 -1.29285769  
 -1.29093345  
 -1.36280392  
 -1.36091536  
 -1.35545366  
 -1.34658032  
 -1.33459113  
 -1.31989389  
 -1.30297320  
 -1.28438111  
 -1.26471407  
 -1.24458700  
 -1.22461450  
 -1.20539216  
 -1.18748080  
 -1.17139269  
 -1.15757980  
 -1.14642484  
 -1.13823272  
 -1.13322558  
 -1.13153608  
 -1.19474843  
 -1.19310922  
 -1.18837861  
 -1.18068102  
 -1.17027338  
 -1.15750326  
 -1.14279247  
 -1.12661926  
 -1.10949922  
 -1.09196614  
 -1.07455521  
 -1.05778617  
 -1.04214996  
 -1.02809604  
 -1.01602158  
 -1.00626348  
 -0.99909124  
 -0.99470133  
 -0.99321161  
 -1.04935048  
 -1.04792628  
 -1.04380415  
 -1.03709585  
 -1.02802022  
 -1.01687799  
 -1.00403468  
 -0.98990583  
 -0.97493997  
 -0.95960290  
 -0.94436269  
 -0.92967504  
 -0.91597114  
 -0.90364643  
 -0.89305124  
 -0.88448321  
 -0.87818041  
 -0.87431785  
 -0.87300067  
 -0.92326877  
 -0.92202366  
 -0.91841750  
 -0.91254568  
 -0.90459765  
 -0.89483501  
 -0.88357577  
 -0.87118249  
 -0.85804726  
 -0.84457846  
 -0.83118692  
 -0.81827349  
 -0.80621839  
 -0.79537079  
 -0.78604050  
 -0.77849119  
 -0.77293410  
 -0.76952387  
 -0.76835614  
 -0.81367649  
 -0.81258340  
 -0.80941359  
 -0.80425211  
 -0.79726280  
 -0.78867441  
 -0.77876488  
 -0.76785205  
 -0.75628001  
 -0.74440792  
 -0.73259816  
 -0.72120448  
 -0.71056309  
 -0.70098320  
 -0.69273975  
 -0.68606695  
 -0.68115266  
 -0.67813419  
 -0.67709324  
 -0.71818238  
 -0.71721912  
 -0.71440630  
 -0.70985722  
 -0.70362175  
 -0.69606720  
 -0.68722098  
 -0.67763135  
 -0.66743285  
 -0.65695168  
 -0.64651326  
 -0.63643400  
 -0.62701394  
 -0.61852910  
 -0.61122456  
 -0.60530911  
 -0.60095022  
 -0.59827060  
 -0.59734318  
 -0.63476522  
 -0.63392243  
 -0.63142375  
 -0.62735910  
 -0.62185970  
 -0.61510478  
 -0.60738655  
 -0.59874401  
 -0.58972898  
 -0.58031159  
 -0.57111034  
 -0.56219935  
 -0.55385577  
 -0.54633085  
 -0.53984686  
 -0.53459229  
 -0.53071842  
 -0.52833519  
 -0.52750877  
 -0.56171534  
 -0.56096908  
 -0.55874821  
 -0.55513420  
 -0.55024408  
 -0.54423651  
 -0.53730474  
 -0.52966970  
 -0.52157101  
 -0.51334464  
 -0.50500137  
 -0.49709816  
 -0.48956289  
 -0.48291812  
 -0.47717656  
 -0.47251543  
 -0.46907523  
 -0.46695759  
 -0.46622424  
 -0.49758627  
 -0.49692302  
 -0.49494329  
 -0.49172051  
 -0.48735916  
 -0.48200031  
 -0.47581596  
 -0.46900262  
 -0.46177399  
 -0.45435376  
 -0.44696785  
 -0.43991538  
 -0.43319021  
 -0.42725509  
 -0.42212536  
 -0.41796040  
 -0.41488612  
 -0.41299349  
 -0.41233798  
 -0.44115298  
 -0.44042209  
 -0.43877985  
 -0.43590842  
 -0.43200899  
 -0.42721586  
 -0.42168340  
 -0.41558713  
 -0.40911817  
 -0.40247652  
 -0.39586450  
 -0.38954870  
 -0.38352761  
 -0.37821167  
 -0.37361659  
 -0.36988568  
 -0.36713216  
 -0.36543700  
 -0.36485023  
 -0.39137476  
 -0.39084468  
 -0.38925861  
 -0.38667522  
 -0.38317787  
 -0.37887958  
 -0.37391784  
 -0.36844965  
 -0.36264616  
 -0.35668688  
 -0.35075346  
 -0.34297616  
 -0.33954125  
 -0.33483064  
 -0.33073880  
 -0.32740651  
 -0.32494490  
 -0.32342991  
 -0.32290734  
 -0.34533971  
 -0.34675164  
 -0.34545357  
 -0.34314201  
 -0.34000004  
 -0.33613659  
 -0.33167608  
 -0.32675961  
 -0.32154123  
 -0.31618201  
 -0.31084551  
 -0.30569243  
 -0.30092367  
 -0.29654645  
 -0.29285037  
 -0.28984618  
 -0.28762843  
 -0.28626413  
 -0.28579402  
 -0.30837138  
 -0.30794272  
 -0.30665912  
 -0.30456811  
 -0.30173690  
 -0.29825636  
 -0.29423759  
 -0.28980772  
 -0.28510514  
 -0.28027522  
 -0.27546528  
 -0.27082031  
 -0.26651839  
 -0.26257498  
 -0.25924089  
 -0.25653137  
 -0.25453197  
 -0.25330247  
 -0.25287981  
 -0.27374486  
 -0.27335773  
 -0.27219913  
 -0.27031173  
 -0.26775603  
 -0.26461415  
 -0.26098598  
 -0.25698618  
 -0.25273983  
 -0.24837813  
 -0.24403417  
 -0.23983896  
 -0.23595013  
 -0.23239069  
 -0.22937702  
 -0.22692837  
 -0.22512223  
 -0.22401242  
 -0.22363131  
 -0.24293264  
 -0.24258225  
 -0.24153428  
 -0.23982740  
 -0.23751580  
 -0.23467396  
 -0.23139202  
 -0.22777373  
 -0.22393199  
 -0.21998562  
 -0.21605497  
 -0.21225874  
 -0.20873654  
 -0.20551804  
 -0.20278853  
 -0.20057164  
 -0.19893699  
 -0.19793298  
 -0.19758891  
 -0.21342977  
 -0.21500333  
 -0.21418075  
 -0.21264407  
 -0.21055047  
 -0.20797534  
 -0.20500109  
 -0.20172179  
 -0.19823990  
 -0.19466290  
 -0.19109997  
 -0.18765852  
 -0.18446274  
 -0.18154721  
 -0.17907066  
 -0.17705992  
 -0.17557779  
 -0.17466803  
 -0.17435681  
 -0.19091496  
 -0.19062606  
 -0.18976417  
 -0.18836021  
 -0.18645910  
 -0.18412134  
 -0.18142138  
 -0.17844427  
 -0.17528297  
 -0.17203517  
 -0.16879979  
 -0.16567501  
 -0.16277035  
 -0.16012451  
 -0.15787374  
 -0.15604676  
 -0.15470061  
 -0.15387468  
 -0.15359277  
 -0.16894642  
 -0.16868324  
 -0.16789956  
 -0.16662318  
 -0.16489473  
 -0.16276895  
 -0.16031391  
 -0.15760672  
 -0.15473176  
 -0.15177796  
 -0.14883550  
 -0.14600620  
 -0.14333760  
 -0.14095598  
 -0.13890065  
 -0.13723562  
 -0.13600960  
 -0.13525790  
 -0.13500166  
 -0.14924753  
 -0.14900749  
 -0.14829370  
 -0.14713141  
 -0.14555725  
 -0.14362153  
 -0.14138562  
 -0.13891987  
 -0.13630133  
 -0.13361069  
 -0.13093034  
 -0.12835108  
 -0.12592141  
 -0.12375009  
 -0.12187675  
 -0.12035944  
 -0.11924264  
 -0.11855793  
 -0.11832505  
 -0.13155293  
 -0.13133358  
 -0.13068266  
 -0.12962266  
 -0.12818695  
 -0.12642135  
 -0.12438192  
 -0.12213288  
 -0.11974423  
 -0.11728951  
 -0.11485114  
 -0.11248254  
 -0.11028123  
 -0.10829399  
 -0.10658263  
 -0.10519728  
 -0.10417793  
 -0.10355351  
 -0.10334129  
 -0.11563160  
 -0.11543095  
 -0.11483648  
 -0.11386833  
 -0.11255701  
 -0.11094429  
 -0.10908152  
 -0.10702692  
 -0.10484471  
 -0.10260658  
 -0.10036844  
 -0.09821534  
 -0.09619861  
 -0.09438131  
 -0.09281691  
 -0.09155096  
 -0.09061948  
 -0.09004927  
 -0.08985589  
 -0.10128247  
 -0.10109881  
 -0.10055491  
 -0.09966946  
 -0.09847011  
 -0.09699509  
 -0.09529106  
 -0.09341164  
 -0.09141726  
 -0.08936370  
 -0.08732316  
 -0.08534883  
 -0.08350267  
 -0.08183961  
 -0.08040780  
 -0.07924935  
 -0.07839715  
 -0.07787564  
 -0.07769899  
 -0.08832977  
 -0.08816126  
 -0.08766329  
 -0.08685227  
 -0.08575388  
 -0.08440287  
 -0.08284138  
 -0.08112004  
 -0.07929270  
 -0.07741200  
 -0.07554163  
 -0.07373235  
 -0.07204055  
 -0.07051634  
 -0.06920447  
 -0.06814283  
 -0.06736221  
 -0.06688442  
 -0.06672296  
 -0.07661966  
 -0.07646505  
 -0.07600835  
 -0.07526465  
 -0.07425449  
 -0.07301754  
 -0.07158538  
 -0.07000707  
 -0.06833050  
 -0.06660566  
 -0.06488745  
 -0.06322786  
 -0.06167601  
 -0.06027765  
 -0.05907407  
 -0.05810008  
 -0.05738406  
 -0.05694594  
 -0.05679800  
 -0.06601725  
 -0.06587047  
 -0.06545495  
 -0.06476929  
 -0.06384717  
 -0.06270795  
 -0.06139489  
 -0.05994450  
 -0.05840269  
 -0.05681880  
 -0.05524094  
 -0.05371662  
 -0.05229112  
 -0.05100647  
 -0.04990074  
 -0.04900597  
 -0.04834826  
 -0.04794590  
 -0.04781016  
 -0.05640369  
 -0.05626913  
 -0.05588679  
 -0.05525656  
 -0.05440862  
 -0.05336118  
 -0.05215056  
 -0.05081646  
 -0.04940000  
 -0.04794437  
 -0.04649375  
 -0.04509181  
 -0.04378069  
 -0.04259916  
 -0.04158196  
 -0.04075900  
 -0.04015388  
 -0.03978397  
 -0.03965928  
 -0.04767481  
 -0.04755121  
 -0.04719365  
 -0.04662096  
 -0.04583652  
 -0.04487174  
 -0.04375830  
 -0.04253079  
 -0.04122691  
 -0.03988683  
 -0.03855111  
 -0.03726020  
 -0.03605269  
 -0.03496465  
 -0.03402780  
 -0.03326983  
 -0.03271270  
 -0.03237198  
 -0.03225721  
 -0.03973834  
 -0.03962464  
 -0.03929551  
 -0.03876166  
 -0.03804000  
 -0.03715283  
 -0.03612782  
 -0.03499708  
 -0.03379556  
 -0.03256032  
 -0.03132896  
 -0.03013890  
 -0.02902562  
 -0.02802239  
 -0.02715860  
 -0.02645979  
 -0.02594599  
 -0.02563190  
 -0.02552618  
 -0.03251285  
 -0.03240830  
 -0.03210480  
 -0.03161242  
 -0.03094664  
 -0.03012809  
 -0.02918223  
 -0.02813884  
 -0.02703007  
 -0.02589011  
 -0.02475373  
 -0.02365504  
 -0.02262758  
 -0.02170152  
 -0.02090419  
 -0.02025899  
 -0.01978490  
 -0.01949494  
 -0.01939732  
 -0.02592622  
 -0.02583002  
 -0.02554988  
 -0.02509529  
 -0.02448047  
 -0.02372424  
 -0.02285069  
 -0.02188666  
 -0.02086236  
 -0.01980914  
 -0.01875912  
 -0.01774419  
 -0.01679471  
 -0.01593889  
 -0.01520210  
 -0.01460597  
 -0.01416779  
 -0.01389976  
 -0.01380944  
 -0.01990557  
 -0.01982270  
 -0.01956619  
 -0.01914669  
 -0.01857848  
 -0.01787927  
 -0.01707160  
 -0.01618012  
 -0.01523287  
 -0.01425873  
 -0.01328768  
 -0.01234888  
 -0.01147059  
 -0.01067884  
 -0.00999740  
 -0.00944588  
 -0.00904041  
 -0.00879254  
 -0.00870904  
 -0.01441413  
 -0.01433686  
 -0.01409932  
 -0.01371105  
 -0.01318502  
 -0.01253799  
 -0.01179029  
 -0.01096512  
 -0.01008819  
 -0.00918649  
 -0.00828728  
 -0.00741812  
 -0.00660493  
 -0.00587187  
 -0.00524079  
 -0.00473004  
 -0.00435458  
 -0.00412498  
 -0.00404759  
 -0.00938993  
 -0.00931787  
 -0.00909769  
 -0.00873801  
 -0.00825068  
 -0.00765121  
 -0.00695842  
 -0.00619382  
 -0.00538129  
 -0.00454565  
 -0.00371246  
 -0.00290691  
 -0.00215315  
 -0.00147370  
 -0.00088875  
 -0.00041530  
 -0.00006718  
  0.00014562  
  0.00021734  
 -0.00478797  
 -0.00472073  
 -0.00451649  
 -0.00418299  
 -0.00373099  
 -0.00317518  
 -0.00253260  
 -0.00182360  
 -0.00106988  
 -0.00029480  
  0.00047821  
  0.00122554  
  0.00192471  
  0.00255506  
  0.00309784  
  0.00353717  
  0.00386008  
  0.00405774  
  0.00412428  
 -0.00056816  
 -0.00050556  
 -0.00031597  
 -0.00000636  
  0.00041308  
  0.00092909  
  0.00152555  
  0.00218381  
  0.00288356  
  0.00360327  
  0.00432092  
  0.00501472  
  0.00566411  
  0.00624953  
  0.00675345  
  0.00716158  
  0.00746158  
  0.00764515  
  0.00770698  
  0.00330537  
  0.00336363  
  0.00353990  
  0.00382750  
  0.00421718  
  0.00469657  
  0.00525076  
  0.00586236  
  0.00651265  
  0.00718137  
  0.00784839  
  0.00849345  
  0.00909688  
  0.00964099  
  0.01010947  
  0.01048884  
  0.01076797  
  0.01093847  
  0.01099611  
  0.00686470  
  0.00691908  
  0.00708293  
  0.00735048  
  0.00771269  
  0.00815851  
  0.00867393  
  0.00924278  
  0.00984765  
  0.01046964  
  0.01109007  
  0.01169008  
  0.01225145  
  0.01275767  
  0.01319352  
  0.01354656  
  0.01380607  
  0.01396496  
  0.01401850  
  0.01013886  
  0.01018953  
  0.01034206  
  0.01059092  
  0.01092818  
  0.01134317  
  0.01182277  
  0.01235241  
  0.01291551  
  0.01349459  
  0.01407211  
  0.01463074  
  0.01515337  
  0.01562474  
  0.01603076  
  0.01635936  
  0.01660118  
  0.01674920  
  0.01679905  
  0.01315332  
  0.01320066  
  0.01334286  
  0.01357459  
  0.01388887  
  0.01427534  
  0.01472235  
  0.01521566  
  0.01574029  
  0.01627979  
  0.01681798  
  0.01733839  
  0.01782559  
  0.01826476  
  0.01864309  
  0.01894958  
  0.01917497  
  0.01931287  
  0.01935937  
  0.01593187  
  0.01597607  
  0.01610861  
  0.01632472  
  0.01661755  
  0.01697795  
  0.01739471  
  0.01785474  
  0.01834390  
  0.01884708  
  0.01934899  
  0.01983434  
  0.02028859  
  0.02069839  
  0.02105132  
  0.02133707  
  0.02154739  
  0.02167609  
  0.02171938  
  0.01849529  
  0.01853650  
  0.01866027  
  0.01886179  
  0.01913513  
  0.01947136  
  0.01986034  
  0.02028953  
  0.02074604  
  0.02121556  
  0.02168394  
  0.02213699  
  0.02256109  
  0.02294350  
  0.02327302  
  0.02354001  
  0.02373628  
  0.02385634  
  0.02389700  
  0.02086241  
  0.02090097  
  0.02101631  
  0.02120457  
  0.02145987  
  0.02177377  
  0.02213693  
  0.02253787  
  0.02296404  
  0.02340277  
  0.02384029  
  0.02426350  
  0.02465967  
  0.02501692  
  0.02532488  
  0.02557404  
  0.02575769  
  0.02586989  
  0.02590777  
  0.02305008  
  0.02308600  
  0.02319390  
  0.02336985  
  0.02360833  
  0.02390169  
  0.02424111  
  0.02461585  
  0.02501434  
  0.02542429  
  0.02583341  
  0.02622898  
  0.02659942  
  0.02693354  
  0.02722143  
  0.02745463  
  0.02762618  
  0.02773121  
  0.02776648  
  0.02507389  
  0.02510747  
  0.02520833  
  0.02537294  
  0.02559587  
  0.02587045  
  0.02618783  
  0.02653829  
  0.02691098  
  0.02729462  
  0.02767727  
  0.02804741  
  0.02839407  
  0.02870673  
  0.02897605  
  0.02919427  
  0.02935482  
  0.02945321  
  0.02948633  
  0.02694752  
  0.02697881  
  0.02707346  
  0.02722740  
  0.02743606  
  0.02769304  
  0.02799019  
  0.02831827  
  0.02866727  
  0.02902621  
  0.02938444  
  0.02973116  
  0.03005556  
  0.03034844  
  0.03060073  
  0.03080507  
  0.03095544  
  0.03104764  
  0.03107852  
  0.02868376  
  0.02871306  
  0.02880165  
  0.02894590  
  0.02914136  
  0.02938196  
  0.02966029  
  0.02996772  
  0.03029465  
  0.03063109  
  0.03096672  
  0.03129149  
  0.03159564  
  0.03186993  
  0.03210639  
  0.03229795  
  0.03243894  
  0.03252518  
  0.03255425  
  0.03029400  
  0.03032150  
  0.03040446  
  0.03053965  
  0.03072294  
  0.03094857  
  0.03120944  
  0.03149771  
  0.03180411  
  0.03211960  
  0.03243444  
  0.03273899  
  0.03302406  
  0.03328138  
  0.03350315  
  0.03368275  
  0.03381505  
  0.03389592  
  0.03392319  
  0.03178884  
  0.03181455  
  0.03189239  
  0.03201904  
  0.03219110  
  0.03240273  
  0.03264759  
  0.03291785  
  0.03320530  
  0.03350154  
  0.03379679  
  0.03408247  
  0.03435016  
  0.03459168  
  0.03479972  
  0.03496819  
  0.03509239  
  0.03516832  
  0.03519384  
  0.03317730  
  0.03320141  
  0.03327442  
  0.03339352  
  0.03355488  
  0.03375358  
  0.03398336  
  0.03423727  
  0.03450720  
  0.03478522  
  0.03506233  
  0.03533077  
  0.03558196  
  0.03580876  
  0.03600421  
  0.03616240  
  0.03627892  
  0.03635028  
  0.03637443  
  0.03446798  
  0.03449088  
  0.03455938  
  0.03467112  
  0.03482290  
  0.03500941  
  0.03522537  
  0.03546380  
  0.03571739  
  0.03597847  
  0.03623908  
  0.03649118  
  0.03672741  
  0.03694031  
  0.03712405  
  0.03727281  
  0.03738226  
  0.03744933  
  0.03747197  
  0.03566928  
  0.03569046  
  0.03575494  
  0.03586007  
  0.03600250  
  0.03617800  
  0.03638098  
  0.03660509  
  0.03684356  
  0.03708889  
  0.03733397  
  0.03757107  
  0.03779308  
  0.03799339  
  0.03816612  
  0.03830602  
  0.03840893  
  0.03847201  
  0.03849344  
  0.03882121
  0.03698026
  0.03693351
  0.03700830
  0.03712660
  0.03728125
  0.03746571
  0.03767280
  0.03789482
  0.03812448
  0.03835424
  0.03857685
  0.03878558
  0.03897404
  0.03913649
  0.03926793
  0.03936485
  0.03942426
  0.03944419
  0.03782954
  0.03784821
  0.03790545
  0.03799843
  0.03812453
  0.03827981
  0.03845956
  0.03865802
  0.03886905
  0.03908646
  0.03930351
  0.03951335
  0.03971018
  0.03988754
  0.04004054
  0.04016444
  0.04025571
  0.04031156
  0.04033035
  0.03880113
  0.03881883
  0.03887244
  0.03896016
  0.03907891
  0.03922517
  0.03939447
  0.03958143
  0.03978022
  0.03998501
  0.04018936
  0.04038715
  0.04057237
  0.04073964
  0.04088367
  0.04100037
  0.04108629
  0.04113914
  0.04115676
  0.03970789
  0.03972444
  0.03977498
  0.03985748
  0.03996951
  0.04010739
  0.04026687
  0.04044300
  0.04063055
  0.04082338
  0.04101601
  0.04120245
  0.04137702
  0.04153462
  0.04167053
  0.04178043
  0.04186162
  0.04191118
  0.04192781
  0.04055446
  0.04057003
  0.04061771
  0.04069553
  0.04080114
  0.04093116
  0.04108137
  0.04124746
  0.04142422
  0.04160626
  0.04178783
  0.04196371
  0.04212836
  0.04227699
  0.04240507
  0.04250906
  0.04258541
  0.04263224
  0.04264800
  0.04134540
  0.04136007
  0.04140514
  0.04147849
  0.04157818
  0.04170075
  0.04184269
  0.04199931
  0.04216614
  0.04233784
  0.04250918
  0.04267517
  0.04283046
  0.04297076
  0.04309169
  0.04318961
  0.04326155
  0.04330583
  0.04332088
  0.04208517
  0.04209874
  0.04214136
  0.04221054
  0.04230469
  0.04242056
  0.04255445
  0.04270224
  0.04285960
  0.04302178
  0.04318354
  0.04334023
  0.04348696
  0.04361944
  0.04373350
  0.04382597
  0.04389412
  0.04393593
  0.04394999
  0.04277718
  0.04279003
  0.04283010
  0.04289557
  0.04298437
  0.04309363
  0.04322005
  0.04335995
  0.04350862
  0.04366192
  0.04381487
  0.04396262
  0.04410119
  0.04422637
  0.04433415
  0.04442162
  0.04448590
  0.04452537
  0.04453863
  0.04342489
  0.04343703
  0.04347497
  0.04353682
  0.04362074
  0.04372405
  0.04384361
  0.04397569
  0.04411617
  0.04426102
  0.04440553
  0.04454525
  0.04467631
  0.04479457
  0.04489654
  0.04497908
  0.04503995
  0.04507722
  0.04508990
  0.04403186
  0.04404331
  0.04407918
  0.04413752
  0.04421708
  0.04431478
  0.04442760
  0.04455262
  0.04468545
  0.04482237
  0.04495895
  0.04509115
  0.04521522
  0.04532692
  0.04542337
  0.04550155
  0.04555914
  0.04559438
  0.04560633
  0.04460079
  0.04461154
  0.04464542
  0.04470066
  0.04477573
  0.04486815
  0.04497512
  0.04509326
  0.04521903
  0.04534858
  0.04547785
  0.04560300
  0.04572024
  0.04582597
  0.04591730
  0.04599113
  0.04604560
  0.04607908
  0.04609018
  0.04513429
  0.04514441
  0.04517645
  0.04522899
  0.04529990
  0.04538744
  0.04548855
  0.04560051
  0.04571957
  0.04584214
  0.04596444
  0.04608281
  0.04619396
  0.04629415
  0.04638064
  0.04645053
  0.04650205
  0.04653381
  0.04654429
  0.04563501
  0.04564478
  0.04567500
  0.04572453
  0.04579181
  0.04587473
  0.04597055
  0.04607644
  0.04618925
  0.04630524
  0.04642124
  0.04653344
  0.04663851
  0.04673343
  0.04681531
  0.04688160
  0.04693043
  0.04696032
  0.04697047
  0.04610517
  0.04611416
  0.04614299
  0.04619002
  0.04625380
  0.04633229
  0.04642322
  0.04652348
  0.04663022
  0.04674021
  0.04685023
  0.04695655
  0.04705600
  0.04714592
  0.04722350
  0.04728628
  0.04733266
  0.04736104
  0.04737067
  0.04654700
  0.04655560
  0.04658278
  0.04662731
  0.04668787
  0.04676214
  0.04684829
  0.04694348
  0.04704468
  0.04714903
  0.04725320
  0.04735401
  0.04744831
  0.04753372
  0.04760719
  0.04766671
  0.04771048
  0.04773759
  0.04774652
  0.04696237
  0.04697041
  0.04699630
  0.04703845
  0.04709573
  0.04716632
  0.04724790
  0.04733822
  0.04743433
  0.04753327
  0.04763199
  0.04772767
  0.04781719
  0.04789810
  0.04796784
  0.04802432
  0.04806604
  0.04809152
  0.04809994
  0.04735304
  0.04736064
  0.04738515
  0.04742509
  0.04747949
  0.04754648
  0.04762401
  0.04770966
  0.04780066
  0.04789479
  0.04798848
  0.04807907
  0.04816418
  0.04824103
  0.04830703
  0.04836078
  0.04840022
  0.04842447
  0.04843265
  0.04772051
  0.04772781
  0.04775100
  0.04778908
  0.04784071
  0.04790425
  0.04797772
  0.04805904
  0.04814568
  0.04823467
  0.04832369
  0.04840990
  0.04849055
  0.04856354
  0.04862616
  0.04867731
  0.04871475
  0.04873786
  0.04874571
  0.04806669
  0.04807342
  0.04809560
  0.04813178
  0.04818070
  0.04824118
  0.04831103
  0.04838814
  0.04847035
  0.04855493
  0.04863951
  0.04872135
  0.04879787
  0.04886726
  0.04892700
  0.04897538
  0.04901104
  0.04903283
  0.04904008
  0.04839274
  0.04839919
  0.04842021
  0.04845452
  0.04850111
  0.04855855
  0.04862481
  0.04869828
  0.04877642
  0.04885668
  0.04893704
  0.04901487
  0.04908775
  0.04915332
  0.04921031
  0.04925615
  0.04929008
  0.04931080
  0.04931765
  0.04870023
  0.04870614
  0.04872617
  0.04875879
  0.04880297
  0.04885761
  0.04892066
  0.04899030
  0.04906485
  0.04914117
  0.04921749
  0.04929133
  0.04936068
  0.04942330
  0.04947716
  0.04952096
  0.04955308
  0.04957288
  0.04957952
  0.04899008
  0.04899595
  0.04901478
  0.04904584
  0.04908786
  0.04913973
  0.04919978
  0.04926605
  0.04933665
  0.04940939
  0.04948185
  0.04955237
  0.04961818
  0.04967773
  0.04972892
  0.04977054
  0.04980133
  0.04981995
  0.04982644
  0.04926350
  0.04926896
  0.04928697
  0.04931649
  0.04935660
  0.04940588
  0.04946291
  0.04952598
  0.04959318
  0.04966235
  0.04973155
  0.04979844
  0.04986100
  0.04991767
  0.04996655
  0.05000609
  0.05003517
  0.05005305
  0.05005931
  0.04952162
  0.04969952
  0.04960928
  0.04961343
  0.04963572
  0.04967237
  0.04972027
  0.04977643
  0.04983818
  0.04990272
  0.04996798
  0.05003114
  0.05009080
  0.05014450
  0.05019099
  0.05022867
  0.05025621
  0.05027324
  0.05027909
  0.04976541
  0.04977028
  0.04978676
  0.04981343
  0.04984973
  0.04989438
  0.04994599
  0.05000319
  0.05006417
  0.05012680
  0.05018941
  0.05025015
  0.05030705
  0.05035841
  0.05040258
  0.05043839
  0.05046477
  0.05048113
  0.05048667
  0.04999595
  0.05000053
  0.05001603
  0.05004150
  0.05007601
  0.05011860
  0.05016797
  0.05022241
  0.05028037
  0.05034007
  0.05039977
  0.05045757
  0.05051181
  0.05056054
  0.05060268
  0.05063683
  0.05066202
  0.05067750
  0.05068270
  0.05021364
  0.05021780
  0.05023290
  0.05025718
  0.05029000
  0.05033050
  0.05037762
  0.05042940
  0.05048467
  0.05054171
  0.05059846
  0.05065345
  0.05070517
  0.05075170
  0.05079196
  0.05082448
  0.05084842
  0.05086310
  0.05086821
  0.05041953
  0.05042384
  0.05043776
  0.05046092
  0.05049221
  0.05053096
  0.05057569
  0.05062514
  0.05067780
  0.05073214
  0.05078646
  0.05083883
  0.05088810
  0.05093250
  0.05097078
  0.05100180
  0.05102484
  0.05103877
  0.05104346
  0.05061456
  0.05061823
  0.05063185
  0.05065386
  0.05068381
  0.05072071
  0.05076330
  0.05081048
  0.05086075
  0.05091246
  0.05096429
  0.05101428
  0.05106134
  0.05110366
  0.05114004
  0.05116981
  0.05119158
  0.05120489
  0.05120961
  0.05079893
  0.05080262
  0.05081536
  0.05083648
  0.05086499
  0.05090018
  0.05094089
  0.05098587
  0.05103379
  0.05108326
  0.05113258
  0.05118036
  0.05122508
  0.05126550
  0.05130038
  0.05132884
  0.05134949
  0.05136216
  0.05136678
  0.05097353
  0.05097710
  0.05098935
  0.05100931
  0.05103655
  0.05107023
  0.05110901
  0.05115209
  0.05119781
  0.05124498
  0.05129211
  0.05133746
  0.05138030
  0.05141890
  0.05145205
  0.05147913
  0.05149903
  0.05151135
  0.05151548
  0.05113905
  0.05114234
  0.05115392
  0.05117309
  0.05119907
  0.05123128
  0.05126839
  0.05130939
  0.05135306
  0.05139811
  0.05144299
  0.05148644
  0.05152732
  0.05156414
  0.05159592
  0.05162177
  0.05164074
  0.05165245
  0.05165644
  0.05129569
  0.05129887
  0.05131015
  0.05132834
  0.05135319
  0.05138390
  0.05141932
  0.05145852
  0.05150027
  0.05154319
  0.05158610
  0.05162775
  0.05166661
  0.05170181
  0.05173211
  0.05175685
  0.05177493
  0.05178611
  0.05179000
  0.05144449
  0.05144743
  0.05145822
  0.05147560
  0.05149941
  0.05152860
  0.05156247
  0.05159987
  0.05163976
  0.05168069
  0.05172176
  0.05176155
  0.05179884
  0.05183237
  0.05186120
  0.05188493
  0.05190223
  0.05191299
  0.05191657
  0.05158568
  0.05158839
  0.05159855
  0.05161517
  0.05163786
  0.05166587
  0.05169816
  0.05173397
  0.05177209
  0.05181130
  0.05185046
  0.05188856
  0.05192414
  0.05195622
  0.05198403
  0.05200645
  0.05202301
  0.05203318
  0.05203671
  0.05171936
  0.05172199
  0.05173169
  0.05174785
  0.05176935
  0.05179608
  0.05182719
  0.05186128
  0.05189776
  0.05193520
  0.05197269
  0.05200906
  0.05204295
  0.05207374
  0.05210022
  0.05212188
  0.05213749
  0.05214729
  0.05215055
  0.05184630
  0.05184878
  0.05185810
  0.05187355
  0.05189390
  0.05191967
  0.05194940
  0.05198208
  0.05201684
  0.05205279
  0.05208849
  0.05212329
  0.05215564
  0.05218511
  0.05221063
  0.05223120
  0.05224652
  0.05225570
  0.05225901
  0.05196696
  0.05196941
  0.05197831
  0.05199282
  0.05201268
  0.05203716
  0.05206551
  0.05209679
  0.05213016
  0.05216438
  0.05219877
  0.05223193
  0.05226302
  0.05229112
  0.05231542
  0.05233510
  0.05234952
  0.05235854
  0.05236165
  0.05208147
  0.05208377
  0.05209227
  0.05210617
  0.05212520
  0.05214865
  0.05217567
  0.05220566
  0.05223770
  0.05227041
  0.05230319
  0.05233496
  0.05236493
  0.05239167
  0.05241499
  0.05243382
  0.05244771
  0.05245619
  0.05245916
  0.05219046
  0.05219253
  0.05220070
  0.05221412
  0.05223217
  0.05225475
  0.05228052
  0.05230927
  0.05233970
  0.05237118
  0.05240263
  0.05243302
  0.05246156
  0.05248748
  0.05250979
  0.05252763
  0.05254103
  0.05254926
  0.05255201
  0.05229405
  0.05229605
  0.05230396
  0.05231676
  0.05233401
  0.05235542
  0.05238027
  0.05240770
  0.05243722
  0.05246737
  0.05249740
  0.05252647
  0.05255369
  0.05257845
  0.05259977
  0.05261703
  0.05262971
  0.05263751
  0.05264018
  0.05239258
  0.05239443
  0.05240209
  0.05241416
  0.05243088
  0.05245143
  0.05247513
  0.05250150
  0.05252952
  0.05255829
  0.05258714
  0.05261517
  0.05264136
  0.05266495
  0.05268530
  0.05270184
  0.05271413
  0.05272153
  0.05272401
  0.05248645
  0.05248797
  0.05249528
  0.05250691
  0.05252291
  0.05254269
  0.05256542
  0.05259079
  0.05261750
  0.05264498
  0.05267278
  0.05269938
  0.05272458
  0.05274739
  0.05276665
  0.05278270
  0.05279440
  0.05280151
  0.05280404
  0.05257544
  0.05257709
  0.05258396
  0.05259535
  0.05261056
  0.05262952
  0.05265131
  0.05267540
  0.05270125
  0.05272761
  0.05275406
  0.05277971
  0.05280382
  0.05282556
  0.05284446
  0.05285944
  0.05287085
  0.05287774
  0.05287978
  0.05266034
  0.05266211
  0.05266864
  0.05267942
  0.05269409
  0.05271199
  0.05273298
  0.05275620
  0.05278078
  0.05280618
  0.05283166
  0.05285630
  0.05287960
  0.05290027
  0.05291819
  0.05293282
  0.05294362
  0.05295016
  0.05295241
  0.05274121
  0.05274268
  0.05274908
  0.05275919
  0.05277343
  0.05279081
  0.05281086
  0.05283301
  0.05285692
  0.05288113
  0.05290558
  0.05292919
  0.05295116
  0.05297122
  0.05298845
  0.05300238
  0.05301276
  0.05301902
  0.05302124
  0.05281851
  0.05281978
  0.05282587
  0.05283581
  0.05284915
  0.05286585
  0.05288495
  0.05290649
  0.05292899
  0.05295240
  0.05297581
  0.05299841
  0.05301967
  0.05303886
  0.05305549
  0.05306867
  0.05307870
  0.05308497
  0.05308690
  0.05289174
  0.05289318
  0.05289886
  0.05290843
  0.05292124
  0.05293740
  0.05295592
  0.05297638
  0.05299794
  0.05302022
  0.05304300
  0.05306466
  0.05308497
  0.05310345
  0.05311918
  0.05313225
  0.05314171
  0.05314749
  0.05314967
  0.05296194
  0.05296305
  0.05296853
  0.05297785
  0.05299021
  0.05300547
  0.05302332
  0.05304291
  0.05306365
  0.05308541
  0.05310695
  0.05312777
  0.05314732
  0.05316490
  0.05318017
  0.05319258
  0.05320170
  0.05320719
  0.05320909
  0.05302875
  0.05302947
  0.05303515
  0.05304367
  0.05305556
  0.05307052
  0.05308729
  0.05310646
  0.05312629
  0.05314711
  0.05316782
  0.05318779
  0.05320657
  0.05322346
  0.05323806
  0.05325015
  0.05325897
  0.05326443
  0.05326620 #last potential in K
