3.4 724.989 723.181 717.84 709.214 697.681 683.725 667.908 650.831 633.107 615.339 598.074 581.808 566.962 553.894 542.868 534.1 527.739 523.885 522.595 
3.6 518.483 517.343 513.981 508.558 501.313 492.559 482.634 471.917 460.799 449.65 438.816 428.598 419.279 411.039 404.119 398.666 394.676 392.26 391.451 
3.8 369.373 368.668 366.548 363.201 358.688 353.346 347.236 340.601 333.851 326.984 320.306 314.001 308.251 303.187 298.916 295.521 293.059 291.568 291.069 
4 259.614 259.191 257.949 255.953 253.297 250.091 246.466 242.554 238.488 234.402 230.423 226.665 223.231 220.203 217.649 215.618 214.145 213.254 212.956 
4.2 178.567 178.327 177.622 176.496 175.005 173.212 171.188 169.004 166.734 164.45 162.222 160.128 158.199 156.496 155.057 153.912 153.081 152.578 152.41 
4.4 119.18 119.055 118.693 118.12 117.369 116.473 115.468 114.388 113.269 112.143 111.042 109.997 109.036 108.184 107.461 106.885 106.466 106.212 106.127 
4.6 76.2726 76.2205 76.0709 75.8399 75.5454 75.2042 74.8315 74.4387 74.0373 73.6365 73.2445 72.8699 72.5216 72.2089 71.9409 71.7252 71.5675 71.4717 71.44 
4.8 45.845 45.837 45.8165 45.7927 45.7741 45.7672 45.7743 45.7952 45.8273 45.8656 45.9046 45.9396 45.9674 45.9871 45.9996 46.0068 46.0106 46.0125 46.0134 
5 24.7591 24.7772 24.8327 24.9297 25.0712 25.2561 25.4801 25.7366 26.0151 26.3036 26.5892 26.8598 27.1055 27.3189 27.4959 27.6342 27.7333 27.7929 27.8131 
5.2 10.5566 10.5889 10.6862 10.8488 11.0752 11.3605 11.6972 12.0743 12.4783 12.894 13.3054 13.6972 14.056 14.3713 14.6356 14.8444 14.9949 15.0858 15.1164 
5.4 1.33401 1.37296 1.48939 1.68153 1.94507 2.27311 2.65593 3.0811 3.53404 3.99874 4.45863 4.89775 5.30177 5.65889 5.96014 6.19932 6.37247 6.47728 6.51255 
5.6 -4.35974 -4.31906 -4.19776 -3.9989 -3.72809 -3.39341 -3.00541 -2.57676 -2.12185 -1.65509 -1.1953 -0.754726 -0.348133 0.0126959 0.324047 0.56782 0.744905 0.852331 0.888492 
5.8 -7.60827 -7.57054 -7.45311 -7.26124 -7.00117 -6.68133 -6.31224 -5.90612 -5.47646 -5.03749 -4.60353 -4.18268 -3.79887 -3.45736 -3.16699 -2.93485 -2.76574 -2.66291 -2.62837 
6 -9.20388 -9.17555 -9.0672 -8.89019 -8.65095 -8.35772 -8.02055 -7.65083 -7.26079 -6.85744 -6.46482 -6.08929 -5.74191 -5.43224 -5.16863 -4.95732 -4.80309 -4.70939 -4.67759 
6.2 -9.73163 -9.70076 -9.60351 -9.44502 -9.23134 -8.97022 -8.67086 -8.34357 -7.99924 -7.64898 -7.3037 -6.97372 -6.66836 -6.39627 -6.1643 -5.97813 -5.84231 -5.75921 -5.73131 
6.4 -9.58714 -9.55971 -9.47448 -9.33578 -9.14916 -8.92165 -8.66151 -8.37782 -8.08008 -7.77787 -7.48021 -7.1963 -6.93387 -6.69991 -6.50037 -6.34039 -6.22301 -6.15169 -6.12756 
6.6 -9.04877 -9.02491 -8.95141 -8.83211 -8.67215 -8.47729 -8.25492 -8.01269 -7.75923 -7.50244 -7.25011 -7.00959 -6.78723 -6.58913 -6.4202 -6.28471 -6.18534 -6.12492 -6.1045 
6.8 -8.30326 -8.28354 -8.22128 -8.12023 -7.98466 -7.82011 -7.63245 -7.42852 -7.21522 -6.99936 -6.78745 -6.58556 -6.39916 -6.23315 -6.09179 -5.97801 -5.89499 -5.84431 -5.82719 
7 -7.47499 -7.45821 -7.40602 -7.3214 -7.2079 -7.07006 -6.91312 -6.74272 -6.56462 -6.38452 -6.20782 -6.03955 -5.8843 -5.74618 -5.62821 -5.53369 -5.46451 -5.42231 -5.40807 
7.2 -6.63954 -6.62538 -6.58196 -6.51159 -6.41723 -6.30265 -6.17221 -6.03059 -5.8826 -5.73297 -5.58619 -5.44646 -5.31764 -5.20274 -5.10498 -5.02644 -4.96901 -4.93399 -4.92218 
7.4 -5.84209 -5.83025 -5.7943 -5.73605 -5.65793 -5.56303 -5.45496 -5.33759 -5.21489 -5.0908 -4.96907 -4.85324 -4.74619 -4.65101 -4.56984 -4.50468 -4.45704 -4.42799 -4.41819 
7.6 -5.10676 -5.0969 -5.06721 -5.0191 -4.95453 -4.87604 -4.78656 -4.68934 -4.58768 -4.48483 -4.38378 -4.28762 -4.19876 -4.11973 -4.05233 -3.99822 -3.95866 -3.93453 -3.9264 
7.8 -4.44415 -4.43588 -4.4114 -4.37165 -4.31826 -4.25331 -4.17922 -4.09863 -4.01429 -3.92881 -3.84494 -3.76493 -3.69113 -3.62534 -3.56925 -3.5242 -3.49126 -3.47119 -3.4644 
8 -3.85645 -3.84957 -3.82926 -3.79635 -3.75212 -3.69827 -3.6368 -3.56986 -3.49974 -3.42864 -3.3588 -3.29213 -3.23061 -3.17575 -3.12894 -3.09135 -3.06386 -3.0471 -3.04142 
8.2 -3.34094 -3.33513 -3.31833 -3.29102 -3.25429 -3.20952 -3.15837 -3.10263 -3.04417 -2.98488 -2.92652 -2.87087 -2.8194 -2.77349 -2.73431 -2.70284 -2.67981 -2.66567 -2.66092 
8.4 -2.89236 -2.88754 -2.8735 -2.85074 -2.82014 -2.7828 -2.74011 -2.69354 -2.64465 -2.59503 -2.54617 -2.49948 -2.45629 -2.41773 -2.38481 -2.35835 -2.33899 -2.32707 -2.32307 
8.6 -2.50417 -2.50001 -2.48838 -2.468 -2.44367 -2.4125 -2.37674 -2.33769 -2.29667 -2.25497 -2.21388 -2.17458 -2.13819 -2.10568 -2.07791 -2.05557 -2.03907 -2.02904 -2.0257 
8.8 -2.16805 -2.16599 -2.15624 -2.14028 -2.11877 -2.09251 -2.06242 -2.02955 -1.99497 -1.9598 -1.92509 -1.89187 -1.85969 -1.83346 -1.81001 -1.79107 -1.77706 -1.76855 -1.76572 
9 -1.88021 -1.87868 -1.87047 -1.85701 -1.83887 -1.8167 -1.79128 -1.76348 -1.73421 -1.7044 -1.67496 -1.64675 -1.62058 -1.59716 -1.57712 -1.56098 -1.54905 -1.54179 -1.53937 
9.2 -1.63438 -1.63194 -1.6249 -1.61349 -1.59811 -1.57931 -1.55773 -1.5341 -1.50921 -1.48383 -1.45874 -1.43467 -1.41233 -1.39231 -1.37517 -1.36126 -1.34984 -1.34489 -1.34287 
9.4 -1.42053 -1.41979 -1.4139 -1.4042 -1.3911 -1.37507 -1.35666 -1.33649 -1.31522 -1.2935 -1.27202 -1.25139 -1.23222 -1.21503 -1.20023 -1.18842 -1.17966 -1.17433 -1.17255 
9.6 -1.23946 -1.23769 -1.23256 -1.22425 -1.21303 -1.1993 -1.18352 -1.16621 -1.14794 -1.12927 -1.11079 -1.09302 -1.0765 -1.06164 -1.04896 -1.03867 -1.03113 -1.02654 -1.025 
9.8 -1.08244 -1.08092 -1.07651 -1.06938 -1.05971 -1.04791 -1.03429 -1.01939 -1.0036 -0.987488 -0.971494 -0.956127 -0.941819 -0.928969 -0.91796 -0.909056 -0.902523 -0.898536 -0.897199 
10 -0.947149 -0.945836 -0.94204 -0.935873 -0.927541 -0.917326 -0.905566 -0.892645 -0.878976 -0.864988 -0.851107 -0.837748 -0.825299 -0.814118 -0.804518 -0.796765 -0.791072 -0.787592 -0.786418 
10.2 -0.83035 -0.829211 -0.825923 -0.820573 -0.81334 -0.804465 -0.794241 -0.783 -0.771102 -0.758916 -0.746816 -0.735161 -0.724294 -0.714527 -0.706135 -0.699353 -0.694368 -0.691317 -0.690282 
10.4 -0.729299 -0.728309 -0.725444 -0.720782 -0.714474 -0.70673 -0.697804 -0.687985 -0.677583 -0.666924 -0.656332 -0.646124 -0.6366 -0.628034 -0.620671 -0.614716 -0.610335 -0.607651 -0.606735 
10.6 -0.641672 -0.640806 -0.6383 -0.634219 -0.628695 -0.62191 -0.614085 -0.605472 -0.596343 -0.586982 -0.577675 -0.5687 -0.560322 -0.552783 -0.546298 -0.541051 -0.537189 -0.534819 -0.534008 
10.8 -0.565505 -0.564745 -0.562542 -0.558955 -0.554098 -0.548129 -0.541242 -0.533657 -0.525615 -0.517364 -0.509156 -0.501237 -0.493841 -0.487183 -0.481454 -0.476817 -0.473401 -0.471303 -0.47058 
11 -0.499137 -0.498467 -0.496512 -0.493351 -0.489017 -0.483767 -0.477619 -0.470954 -0.463866 -0.456581 -0.449327 -0.442322 -0.435775 -0.429878 -0.424801 -0.42069 -0.41766 -0.415798 -0.415154 
11.2 -0.441162 -0.440576 -0.43884 -0.436015 -0.432192 -0.427498 -0.422134 -0.416127 -0.409862 -0.403317 -0.396922 -0.390729 -0.38493 -0.3797 -0.375194 -0.371542 -0.368849 -0.367193 -0.366619 
11.4 -0.390392 -0.389874 -0.38833 -0.385818 -0.38242 -0.378244 -0.373427 -0.36812 -0.362492 -0.356775 -0.350976 -0.345483 -0.340246 -0.335628 -0.331638 -0.328398 -0.326007 -0.324536 -0.324026 
11.6 -0.345822 -0.345361 -0.343986 -0.341746 -0.338715 -0.33499 -0.330692 -0.325957 -0.320933 -0.315776 -0.310643 -0.305741 -0.301067 -0.296942 -0.293377 -0.290482 -0.288346 -0.28703 -0.286575 
11.8 -0.306601 -0.306093 -0.304952 -0.302956 -0.300246 -0.296915 -0.29307 -0.288833 -0.284337 -0.279721 -0.275126 -0.270736 -0.266552 -0.262857 -0.259664 -0.257071 -0.255157 -0.253979 -0.253571 
12 -0.272005 -0.271637 -0.270535 -0.268739 -0.266309 -0.263321 -0.259873 -0.256073 -0.252039 -0.247897 -0.243774 -0.238368 -0.235981 -0.232707 -0.229863 -0.227548 -0.225837 -0.224784 -0.224421 
12.2 -0.240011 -0.240992 -0.24009 -0.238484 -0.2363 -0.233615 -0.230515 -0.227098 -0.223471 -0.219746 -0.216038 -0.212456 -0.209142 -0.2061 -0.203531 -0.201443 -0.199902 -0.198954 -0.198627 
12.4 -0.214318 -0.21402 -0.213128 -0.211675 -0.209707 -0.207288 -0.204495 -0.201416 -0.198148 -0.194791 -0.191448 -0.18822 -0.18523 -0.18249 -0.180172 -0.178289 -0.1769 -0.176045 -0.175751 
12.6 -0.190253 -0.189984 -0.189178 -0.187867 -0.18609 -0.183907 -0.181385 -0.178605 -0.175654 -0.172623 -0.169604 -0.166688 -0.163985 -0.161512 -0.159417 -0.157715 -0.15646 -0.155689 -0.155424 
12.8 -0.168838 -0.168595 -0.167866 -0.16668 -0.165073 -0.163098 -0.160817 -0.158303 -0.155633 -0.15289 -0.150158 -0.14752 -0.145072 -0.142835 -0.140938 -0.139397 -0.138261 -0.137563 -0.137324 
13 -0.148334 -0.149427 -0.148856 -0.147788 -0.146333 -0.144543 -0.142476 -0.140197 -0.137777 -0.135291 -0.132814 -0.130423 -0.128202 -0.126175 -0.124454 -0.123057 -0.122027 -0.121394 -0.121178 
13.2 -0.132686 -0.132485 -0.131886 -0.13091 -0.129589 -0.127964 -0.126088 -0.124019 -0.121822 -0.119564 -0.117316 -0.115144 -0.113125 -0.111287 -0.109722 -0.108452 -0.107517 -0.106943 -0.106747 
13.4 -0.117418 -0.117235 -0.11669 -0.115803 -0.114602 -0.113124 -0.111418 -0.109537 -0.107539 -0.105486 -0.103441 -0.101474 -0.0996196 -0.0979644 -0.096536 -0.0953788 -0.0945267 -0.0940042 -0.0938262 
13.6 -0.103727 -0.10356 -0.103064 -0.102256 -0.101162 -0.099817 -0.098263 -0.0965493 -0.0947294 -0.0928594 -0.0909966 -0.089204 -0.0875154 -0.0860063 -0.0847043 -0.0836498 -0.0828736 -0.0823978 -0.0822359 
13.8 -0.0914293 -0.0912768 -0.0908244 -0.0900877 -0.0890899 -0.0878628 -0.0864454 -0.0848824 -0.0832222 -0.0815162 -0.0798215 -0.0781754 -0.0766455 -0.0752643 -0.0740749 -0.0731121 -0.0724037 -0.0719697 -0.0718222 
14 -0.080364 -0.0802245 -0.0798114 -0.0791385 -0.0782271 -0.0771063 -0.0758117 -0.0743837 -0.0728671 -0.0713116 -0.0697561 -0.0682597 -0.066858 -0.065595 -0.0645078 -0.0636279 -0.0629805 -0.0625842 -0.0624498 
14.2 -0.0703913 -0.0702637 -0.0698857 -0.0692703 -0.0684367 -0.0674116 -0.0662273 -0.0649211 -0.063535 -0.0621078 -0.0606896 -0.0593174 -0.0580344 -0.0568785 -0.0558834 -0.0550783 -0.054486 -0.0541236 -0.0540008 
14.4 -0.0613892 -0.0612721 -0.060926 -0.0603623 -0.0595989 -0.05866 -0.0575748 -0.0563784 -0.0551084 -0.0538013 -0.0525014 -0.051244 -0.0500682 -0.0490089 -0.0480971 -0.0473593 -0.0468167 -0.0464847 -0.0463725 
14.6 -0.0532507 -0.0531432 -0.0528258 -0.0523089 -0.0516069 -0.0507472 -0.0497518 -0.0486549 -0.0474897 -0.0462909 -0.0450968 -0.0439434 -0.0428648 -0.041893 -0.0410565 -0.0403796 -0.0398819 -0.0395774 -0.0394746 
14.8 -0.045882 -0.04578 -0.0454912 -0.0450147 -0.0443738 -0.043582 -0.0426694 -0.0416614 -0.0405899 -0.0394891 -0.0383925 -0.0373331 -0.0363423 -0.0354495 -0.034681 -0.0340591 -0.033602 -0.0333224 -0.0332281 
15 -0.0392006 -0.039107 -0.0388413 -0.0384033 -0.037814 -0.037086 -0.0362446 -0.0353174 -0.034333 -0.0333213 -0.0323132 -0.0313388 -0.0304276 -0.0296064 -0.0288995 -0.0283275 -0.0279069 -0.0276499 -0.0275632 
15.2 -0.033134 -0.0330481 -0.0327996 -0.0324016 -0.0318564 -0.0311859 -0.030412 -0.0295589 -0.0286527 -0.0277213 -0.026793 -0.0258958 -0.0250566 -0.0243004 -0.0236493 -0.0231225 -0.0227353 -0.0224985 -0.0224188 
15.4 -0.0276181 -0.0275391 -0.0273104 -0.0269394 -0.0264378 -0.0258212 -0.0251088 -0.024323 -0.0234879 -0.0226294 -0.0217736 -0.0209465 -0.0201728 -0.0194756 -0.0188752 -0.0183896 -0.0180325 -0.0178142 -0.0177407 
15.6 -0.0225964 -0.0225238 -0.0223128 -0.0219706 -0.0215079 -0.020939 -0.0202816 -0.0195565 -0.0187859 -0.0179936 -0.0172038 -0.0164403 -0.0157262 -0.0150826 -0.0145284 -0.01408 -0.0137505 -0.013549 -0.0134811 
15.8 -0.0180187 -0.0179519 -0.0177572 -0.0174412 -0.0170139 -0.0164883 -0.0158812 -0.0152112 -0.0144993 -0.0137674 -0.0130376 -0.0123322 -0.0116723 -0.0110775 -0.0105655 -0.0101511 -0.00984661 -0.00966033 -0.00959756 
16 -0.0138344 -0.0137768 -0.0135985 -0.0133069 -0.012912 -0.0124261 -0.0118648 -0.0112452 -0.0105868 -0.00990982 -0.00923494 -0.00858247 -0.00797206 -0.00742179 -0.00694819 -0.00656489 -0.00628308 -0.00611082 -0.00605278 
16.2 -0.0100178 -0.00996412 -0.00979903 -0.00952918 -0.00916359 -0.0087139 -0.00819425 -0.00762076 -0.00701129 -0.00638461 -0.00575966 -0.00515559 -0.00459043 -0.00408095 -0.00364235 -0.00328738 -0.00302643 -0.00286686 -0.00281308 
16.4 -0.006526 -0.00647592 -0.00632289 -0.00607292 -0.00573422 -0.00531759 -0.0048361 -0.0043047 -0.00374 -0.00315923 -0.00258016 -0.0020203 -0.00149644 -0.00102422 -0.000617681 -0.000288634 -4.66901e-05 0.000101206 0.000151051 
16.6 -0.00332764 -0.00328091 -0.00313896 -0.00290718 -0.00259304 -0.00220675 -0.00176016 -0.0012674 -0.000743567 -0.000204886 0.000332356 0.00085175 0.00133767 0.00177577 0.002153 0.00245833 0.00268276 0.00282013 0.00286637 
16.8 -0.000394871 -0.000351364 -0.000219599 -4.4202e-06 0.000287091 0.000645718 0.00106026 0.00151775 0.00200407 0.00250427 0.00300304 0.00348523 0.00393656 0.00434342 0.00469365 0.0049773 0.0051858 0.00531338 0.00535635 
17 0.00229723 0.00233772 0.00246023 0.00266011 0.00293094 0.00326412 0.00364928 0.00407434 0.00452629 0.00499105 0.00545463 0.00590295 0.00632233 0.00670049 0.00702608 0.00728974 0.00748374 0.00760224 0.0076423 
17.2 0.00477097 0.00480876 0.00492264 0.00510858 0.00536032 0.00567016 0.00602838 0.00642373 0.00684412 0.0072764 0.0077076 0.00812461 0.00851476 0.00886658 0.0091695 0.00941486 0.00959522 0.00970565 0.00974286 
17.4 0.00704651 0.00708172 0.00718773 0.00736069 0.00759509 0.0078835 0.00821683 0.00858492 0.00897628 0.00937874 0.00978012 0.0101684 0.0105316 0.0108592 0.0111414 0.0113698 0.0115378 0.0116407 0.0116753 
17.6 0.00914156 0.00917446 0.00927329 0.00943434 0.00965276 0.00992136 0.010232 0.0105749 0.0109395 0.0113145 0.0116885 0.0120502 0.0123888 0.012694 0.0129569 0.01317 0.0133266 0.0134224 0.0134548 
17.8 0.0110726 0.0111034 0.0111955 0.0113457 0.0115492 0.0117997 0.0120893 0.012409 0.012749 0.0130987 0.0134475 0.0137849 0.0141006 0.0143854 0.0146307 0.0148293 0.0149754 0.0150649 0.015095 
18 0.0128542 0.0128829 0.0129689 0.0131089 0.0132989 0.0135326 0.0138029 0.0141012 0.0144185 0.0147448 0.0150703 0.0153852 0.01568 0.0159457 0.0161747 0.0163603 0.0164967 0.0165802 0.0166084 
18.2 0.0144994 0.0145262 0.0146063 0.0147372 0.0149146 0.0151328 0.0153852 0.0156638 0.01596 0.0162649 0.016569 0.0168631 0.0171385 0.0173868 0.0176008 0.017774 0.0179016 0.0179796 0.0180059 
18.4 0.0160198 0.0160448 0.0161198 0.016242 0.0164078 0.0166117 0.0168476 0.017108 0.017385 0.0176699 0.0179542 0.0182291 0.0184866 0.0187188 0.0189189 0.019081 0.0192002 0.0192732 0.0192977 
18.6 0.0174264 0.0174497 0.0175198 0.0176342 0.0177891 0.01798 0.0182005 0.0184441 0.0187031 0.0189698 0.0192357 0.0194929 0.0197339 0.0199512 0.0201384 0.02029 0.0204016 0.02047 0.020493 
18.8 0.0187285 0.0187503 0.0188161 0.018923 0.0190681 0.0192467 0.0194532 0.0196812 0.0199238 0.0201732 0.0204222 0.0206632 0.0208886 0.0210922 0.0212675 0.0214095 0.021514 0.0215781 0.0215996 
19 0.0199352 0.0199556 0.0200171 0.0201174 0.0202532 0.0204205 0.0206139 0.0208276 0.0210548 0.0212886 0.0215219 0.0217476 0.021959 0.0221496 0.0223139 0.0224471 0.0225451 0.022605 0.0226252 
19.2 0.0210543 0.0210734 0.0211311 0.0212251 0.0213524 0.0215093 0.0216906 0.0218909 0.0221039 0.0223231 0.0225419 0.0227536 0.0229517 0.0231306 0.0232847 0.0234095 0.0235015 0.0235577 0.0235766 
19.4 0.0220932 0.0221111 0.0221652 0.0222532 0.0223728 0.0225199 0.0226901 0.0228779 0.0230777 0.0232836 0.0234888 0.0236873 0.0238734 0.0240412 0.0241858 0.0243029 0.0243892 0.024442 0.0244597 
19.6 0.0230582 0.023075 0.0231257 0.0232085 0.0233206 0.0234587 0.0236184 0.0237949 0.0239825 0.0241757 0.0243683 0.0245549 0.0247295 0.0248871 0.0250229 0.0251329 0.0252138 0.0252634 0.0252802 
19.8 0.0239552 0.0239712 0.0240188 0.0240964 0.0242019 0.0243315 0.0244816 0.0246473 0.0248236 0.025005 0.0251862 0.0253614 0.0255255 0.0256735 0.0258012 0.0259046 0.0259807 0.0260273 0.026043 
20 0.0247901 0.0248049 0.0248497 0.0249227 0.0250217 0.0251437 0.0252848 0.0254405 0.0256063 0.0257768 0.0259471 0.0261119 0.0262662 0.0264054 0.0265255 0.0266227 0.0266942 0.026738 0.0267529 
20.2 0.0269807 0.0257013 0.0256688 0.0257208 0.025803 0.0259105 0.0260387 0.0261826 0.0263369 0.0264965 0.0266562 0.0268109 0.026956 0.027087 0.0271999 0.0272912 0.0273586 0.0273999 0.0274137 
20.4 0.0262915 0.0263045 0.0263443 0.0264089 0.0264965 0.0266045 0.0267294 0.0268673 0.027014 0.0271651 0.0273159 0.0274618 0.0275986 0.0277218 0.0278282 0.0279143 0.0279777 0.0280165 0.0280296 
20.6 0.0269668 0.0269791 0.0270163 0.0270773 0.0271598 0.0272615 0.0273792 0.0275091 0.0276473 0.0277896 0.0279316 0.0280691 0.0281978 0.028314 0.0284142 0.0284953 0.028555 0.0285917 0.0286039 
20.8 0.027597 0.0276085 0.0276436 0.0277009 0.0277788 0.0278746 0.0279855 0.0281079 0.0282382 0.0283722 0.0285061 0.0286357 0.028757 0.0288666 0.028961 0.0290374 0.0290938 0.0291283 0.0291398 
21 0.0281853 0.0281962 0.0282293 0.0282834 0.0283568 0.0284472 0.0285516 0.028667 0.0287898 0.0289164 0.0290425 0.0291648 0.0292792 0.0293825 0.0294715 0.0295438 0.0295969 0.0296294 0.0296404 
21.2 0.0287351 0.0287452 0.0287766 0.0288276 0.0288968 0.028982 0.0290807 0.0291895 0.0293055 0.0294248 0.0295439 0.0296592 0.0297672 0.0298647 0.0299487 0.0300168 0.0300668 0.0300976 0.030108 
21.4 0.0292492 0.0292586 0.0292882 0.0293363 0.0294018 0.0294823 0.0295753 0.0296781 0.0297874 0.0299001 0.0300126 0.0301215 0.0302234 0.0303155 0.0303948 0.030459 0.0305064 0.0305355 0.0305452 
21.6 0.0297301 0.0297391 0.0297669 0.0298124 0.0298741 0.0299501 0.0300379 0.0301352 0.0302385 0.030345 0.0304513 0.030554 0.0306503 0.0307373 0.0308122 0.030873 0.0309177 0.0309451 0.0309543 
21.8 0.0301803 0.0301887 0.0302151 0.0302581 0.0303164 0.0303882 0.0304713 0.0305631 0.0306607 0.0307614 0.0308618 0.0309589 0.03105 0.0311322 0.0312031 0.0312605 0.0313028 0.0313287 0.0313375 
22 0.0306021 0.0306101 0.030635 0.0306756 0.0307309 0.0307988 0.0308772 0.0309641 0.0310564 0.0311515 0.0312465 0.0313383 0.0314246 0.0315022 0.0315692 0.0316236 0.0316636 0.0316881 0.0316964 
22.2 0.0309975 0.031005 0.0310286 0.031067 0.0311191 0.0311834 0.0312577 0.0313398 0.0314272 0.0315173 0.0316071 0.0316941 0.0317756 0.031849 0.0319125 0.0319638 0.0320017 0.032025 0.0320327 
22.4 0.0313683 0.0313754 0.0313976 0.0314341 0.0314834 0.0315443 0.0316145 0.0316924 0.0317751 0.0318603 0.0319453 0.0320276 0.0321048 0.0321744 0.0322345 0.0322831 0.0323189 0.032341 0.0323483 
22.6 0.0317163 0.0317231 0.0317441 0.0317785 0.0318253 0.0318829 0.0319495 0.0320231 0.0321015 0.0321821 0.0322628 0.0323407 0.0324138 0.0324797 0.0325366 0.0325827 0.0326166 0.0326374 0.0326445 
22.8 0.0320431 0.0320493 0.0320694 0.0321021 0.0321464 0.0322009 0.0322641 0.0323338 0.032408 0.0324844 0.0325609 0.0326348 0.0327039 0.0327664 0.0328203 0.032864 0.0328962 0.0329159 0.0329226 
23 0.0323502 0.0323561 0.032375 0.032406 0.0324481 0.0324997 0.0325596 0.0326257 0.0326961 0.0327686 0.032841 0.032911 0.0329766 0.0330359 0.033087 0.0331284 0.0331588 0.0331776 0.0331838 
23.2 0.0326388 0.0326444 0.0326624 0.0326917 0.0327315 0.0327806 0.0328373 0.0329001 0.0329669 0.0330356 0.0331042 0.0331707 0.0332329 0.0332892 0.0333376 0.0333769 0.0334059 0.0334236 0.0334295 
23.4 0.0329104 0.0329156 0.0329327 0.0329604 0.0329982 0.0330448 0.0330987 0.0331582 0.0332215 0.0332869 0.033352 0.033415 0.0334741 0.0335275 0.0335734 0.0336107 0.0336382 0.033655 0.0336607 
23.6 0.0331658 0.0331708 0.0331869 0.0332134 0.0332493 0.0332935 0.0333445 0.033401 0.0334612 0.0335231 0.033585 0.0336449 0.0337009 0.0337517 0.0337952 0.0338307 0.0338568 0.0338728 0.0338783 
23.8 0.0334063 0.033411 0.0334264 0.0334516 0.0334856 0.0335276 0.0335762 0.0336298 0.0336869 0.0337457 0.0338045 0.0338613 0.0339145 0.0339627 0.0340043 0.0340379 0.0340627 0.0340778 0.0340829 
24 0.033633 0.0336374 0.033652 0.0336759 0.0337083 0.0337482 0.0337942 0.0338453 0.0338996 0.0339554 0.0340112 0.0340653 0.034116 0.0341616 0.0342012 0.034233 0.0342566 0.034271 0.0342758 
24.2 0.0338467 0.0338508 0.0338647 0.0338874 0.0339181 0.033956 0.0339999 0.0340483 0.0341001 0.0341531 0.0342062 0.0342575 0.0343057 0.0343492 0.0343866 0.0344171 0.0344394 0.0344532 0.0344578 
24.4 0.0340481 0.0340522 0.0340653 0.0340869 0.0341161 0.0341521 0.0341938 0.0342399 0.034289 0.0343395 0.0343899 0.0344389 0.0344846 0.034526 0.0345616 0.0345905 0.0346119 0.0346249 0.0346294 
24.6 0.0342381 0.0342419 0.0342544 0.034275 0.0343028 0.0343371 0.0343767 0.0344206 0.0344673 0.0345153 0.0345634 0.0346099 0.0346534 0.0346928 0.0347268 0.0347542 0.0347744 0.0347869 0.0347912 
24.8 0.0344175 0.0345412 0.0344784 0.0344813 0.0344968 0.0345223 0.0345556 0.0345946 0.0346375 0.0346824 0.0347277 0.0347716 0.0348131 0.0348504 0.0348827 0.0349089 0.0349281 0.0349399 0.034944 
25 0.034587 0.0345903 0.0346018 0.0346203 0.0346456 0.0346766 0.0347125 0.0347522 0.0347946 0.0348381 0.0348816 0.0349239 0.0349634 0.0349991 0.0350298 0.0350547 0.035073 0.0350844 0.0350882 
25.2 0.0347472 0.0347504 0.0347611 0.0347788 0.0348028 0.0348324 0.0348667 0.0349046 0.0349449 0.0349863 0.0350278 0.035068 0.0351057 0.0351396 0.0351689 0.0351926 0.0352101 0.0352209 0.0352245 
25.4 0.0348985 0.0349014 0.0349119 0.0349287 0.0349515 0.0349797 0.0350124 0.0350484 0.0350868 0.0351265 0.0351659 0.0352041 0.0352401 0.0352724 0.0353004 0.035323 0.0353397 0.0353499 0.0353534 
25.6 0.0350416 0.0350446 0.0350542 0.0350703 0.0350921 0.035119 0.0351501 0.0351845 0.0352211 0.0352588 0.0352966 0.035333 0.0353672 0.0353981 0.0354247 0.0354463 0.0354623 0.0354719 0.0354752 
25.8 0.0351771 0.0351797 0.0351891 0.0352044 0.0352252 0.0352509 0.0352805 0.0353133 0.0353482 0.0353842 0.0354202 0.0354549 0.0354876 0.035517 0.0355423 0.035563 0.0355781 0.0355874 0.0355907 
26 0.0353053 0.0353078 0.0353167 0.0353314 0.0353512 0.0353756 0.0354039 0.0354352 0.0354685 0.0355029 0.0355371 0.0355704 0.0356014 0.0356295 0.0356538 0.0356735 0.0356879 0.0356967 0.0356999 
26.2 0.0354266 0.0354291 0.0354376 0.0354515 0.0354704 0.0354938 0.0355208 0.0355507 0.0355825 0.0356153 0.035648 0.0356795 0.0357093 0.0357361 0.0357592 0.035778 0.0357918 0.0358004 0.0358033 
26.4 0.0355416 0.0355439 0.035552 0.0355653 0.0355834 0.0356057 0.0356315 0.03566 0.0356904 0.0357217 0.0357529 0.0357831 0.0358115 0.0358371 0.0358592 0.0358771 0.0358903 0.0358985 0.0359012 
26.6 0.0356505 0.0356527 0.0356606 0.0356732 0.0356905 0.0357118 0.0357364 0.0357637 0.0357927 0.0358225 0.0358523 0.0358813 0.0359083 0.0359328 0.0359538 0.035971 0.0359836 0.0359913 0.035994 
26.8 0.0357539 0.035756 0.0357635 0.0357755 0.0357921 0.0358124 0.0358359 0.0358619 0.0358896 0.0359181 0.0359466 0.0359743 0.0360002 0.0360235 0.0360435 0.03606 0.036072 0.0360795 0.036082 
27 0.035852 0.0358539 0.035861 0.0358725 0.0358883 0.0359078 0.0359302 0.0359551 0.0359816 0.0360089 0.0360361 0.0360625 0.0360873 0.0361096 0.0361289 0.0361445 0.036156 0.0361631 0.0361655 
27.2 0.035945 0.0359468 0.0359535 0.0359648 0.0359797 0.0359983 0.0360199 0.0360436 0.0360689 0.036095 0.036121 0.0361463 0.0361699 0.0361912 0.0362097 0.0362247 0.0362356 0.0362424 0.0362446 
27.4 0.0360332 0.0360349 0.0360414 0.0360521 0.0360663 0.0360842 0.0361048 0.0361275 0.0361517 0.0361767 0.0362015 0.0362257 0.0362482 0.0362687 0.0362864 0.0363007 0.0363113 0.0363177 0.03632 
27.6 0.036117 0.0361187 0.0361249 0.036135 0.0361488 0.0361658 0.0361855 0.0362073 0.0362305 0.0362542 0.0362781 0.0363012 0.0363228 0.0363423 0.0363592 0.0363729 0.0363829 0.0363892 0.0363913 
27.8 0.0361966 0.0361982 0.0362041 0.0362138 0.036227 0.0362433 0.0362621 0.0362829 0.0363052 0.0363279 0.0363507 0.0363728 0.0363936 0.0364122 0.0364284 0.0364415 0.0364512 0.0364571 0.0364591 
28 0.0362724 0.0362738 0.0362795 0.0362888 0.0363014 0.0363171 0.036335 0.0363549 0.0363761 0.036398 0.0364198 0.0364409 0.0364608 0.0364788 0.0364943 0.0365067 0.036516 0.0365217 0.0365236 
28.2 0.0363444 0.0363458 0.0363513 0.0363601 0.0363721 0.036387 0.0364043 0.0364234 0.0364439 0.0364648 0.0364857 0.0365059 0.0365248 0.036542 0.0365568 0.0365688 0.0365776 0.0365831 0.0365849 
28.4 0.0364128 0.0364141 0.0364195 0.0364278 0.0364395 0.0364537 0.0364702 0.0364885 0.036508 0.036528 0.0365481 0.0365675 0.0365857 0.0366021 0.0366163 0.0366278 0.0366363 0.0366415 0.0366432 
28.6 0.0364781 0.0364791 0.0364842 0.0364923 0.0365034 0.0365172 0.036533 0.0365506 0.0365692 0.0365883 0.0366076 0.0366261 0.0366436 0.0366594 0.0366728 0.036684 0.0366921 0.036697 0.0366988 
28.8 0.0365399 0.0365411 0.0365459 0.0365538 0.0365643 0.0365775 0.0365927 0.0366094 0.0366274 0.0366457 0.0366641 0.0366819 0.0366987 0.0367138 0.0367269 0.0367373 0.0367452 0.03675 0.0367514 
29 0.0365989 0.0366002 0.0366047 0.0366122 0.0366224 0.0366348 0.0366494 0.0366656 0.0366826 0.0367003 0.036718 0.0367351 0.0367513 0.0367657 0.0367781 0.0367883 0.0367958 0.0368004 0.0368019 
29.2 0.0366551 0.0366562 0.0366606 0.0366676 0.0366775 0.0366896 0.0367035 0.0367189 0.0367356 0.0367524 0.0367694 0.0367858 0.0368011 0.036815 0.036827 0.0368367 0.0368439 0.0368482 0.0368498 
29.4 0.0367089 0.0367097 0.036714 0.0367209 0.0367302 0.0367418 0.036755 0.03677 0.0367856 0.0368019 0.0368182 0.0368339 0.0368487 0.036862 0.0368736 0.0368827 0.0368897 0.0368941 0.0368954 
29.6 0.0367598 0.0367608 0.0367647 0.0367714 0.0367803 0.0367915 0.0368044 0.0368186 0.0368336 0.0368491 0.0368649 0.0368799 0.0368941 0.0369069 0.0369178 0.0369269 0.0369335 0.0369375 0.036939 
29.8 0.0368085 0.0368093 0.0368131 0.0368196 0.0368282 0.0368388 0.0368512 0.0368648 0.0368792 0.0368944 0.0369093 0.0369238 0.0369374 0.0369496 0.0369602 0.0369688 0.0369752 0.036979 0.0369803 
30 0.036855 0.0368555 0.0368594 0.0368654 0.0368736 0.036884 0.0368957 0.036909 0.0369228 0.0369372 0.0369516 0.0369655 0.0369786 0.0369903 0.0370005 0.0370089 0.037015 0.0370188 0.03702 
