3.01162 720.567
2.84325 704.384
2.67388 678.038
2.50429 645.462
2.33462 611.07
2.16491 578.957
1.99517 552.383
1.82543 533.577
1.65567 523.85
1.48592 523.85
1.31617 533.577
1.14642 552.383
0.976687 578.957
0.806974 611.07
0.637301 645.462
0.467711 678.038
0.298346 704.384
0.129975 720.567

3.01162 515.697
2.84325 505.524
2.67388 488.99
2.50429 468.549
2.33462 446.972
2.16491 426.808
1.99517 410.091
1.82543 398.338
1.65567 392.238
1.48592 392.238
1.31617 398.338
1.14642 410.091
0.976687 426.808
0.806974 446.972
0.637301 468.549
0.467711 488.99
0.298346 505.524
0.129975 515.697

3.01162 367.63
2.84325 361.311
2.67388 351.149
2.50429 338.556
2.33462 325.333
2.16491 312.897
1.99517 302.602
1.82543 295.319
1.65567 291.554
1.48592 291.554
1.31617 295.319
1.14642 302.602
0.976687 312.897
0.806974 325.333
0.637301 338.556
0.467711 351.149
0.298346 361.311
0.129975 367.63

3.01162 258.583
2.84325 254.841
2.67388 248.787
2.50429 241.322
2.33462 233.418
2.16491 226.006
1.99517 219.853
1.82543 215.497
1.65567 213.246
1.48592 213.246
1.31617 215.497
1.14642 219.853
0.976687 226.006
0.806974 233.418
0.637301 241.322
0.467711 248.787
0.298346 254.841
0.129975 258.583

3.01162 177.982
2.84325 175.872
2.67388 172.484
2.50429 168.316
2.33462 163.899
2.16491 159.758
1.99517 156.299
1.82543 153.844
1.65567 152.573
1.48592 152.573
1.31617 153.844
1.14642 156.299
0.976687 159.758
0.806974 163.899
0.637301 168.316
0.467711 172.484
0.298346 175.872
0.129975 177.982

3.01162 118.878
2.84325 117.805
2.67388 116.111
2.50429 114.049
2.33462 111.871
2.16491 109.813
1.99517 108.085
1.82543 106.85
1.65567 106.209
1.48592 106.209
1.31617 106.85
1.14642 108.085
0.976687 109.813
0.806974 111.871
0.637301 114.049
0.467711 116.111
0.298346 117.805
0.129975 118.878

3.01162 76.1473
2.84325 75.7166
2.67388 75.0702
2.50429 74.3171
2.33462 73.5396
2.16491 72.803
1.99517 72.1722
1.82543 71.7122
1.65567 71.4708
1.48592 71.4708
1.31617 71.7122
1.14642 72.1722
0.976687 72.803
0.806974 73.5396
0.637301 74.3171
0.467711 75.0702
0.298346 75.7166
0.129975 76.1473

3.01162 45.827
2.84325 45.7849
2.67388 45.7698
2.50429 45.8049
2.33462 45.8752
2.16491 45.9449
1.99517 45.9888
1.82543 46.0071
1.65567 46.0125
1.48592 46.0125
1.31617 46.0071
1.14642 45.9888
0.976687 45.9449
0.806974 45.8752
0.637301 45.8049
0.467711 45.7698
0.298346 45.7849
0.129975 45.827

3.01162 24.8043
2.84325 24.989
2.67388 25.3367
2.50429 25.8209
2.33462 26.3742
2.16491 26.907
1.99517 27.3432
1.82543 27.6424
1.65567 27.7934
1.48592 27.7934
1.31617 27.6424
1.14642 27.3432
0.976687 26.907
0.806974 26.3742
0.637301 25.8209
0.467711 25.3367
0.298346 24.989
0.129975 24.8043

3.01162 10.6365
2.84325 10.9436
2.67388 11.4816
2.50429 12.1967
2.33462 12.9957
2.16491 13.7661
1.99517 14.4075
1.82543 14.8567
1.65567 15.0866
1.48592 15.0866
1.31617 14.8567
1.14642 14.4075
0.976687 13.7661
0.806974 12.9957
0.637301 12.1967
0.467711 11.4816
0.298346 10.9436
0.129975 10.6365

3.01162 1.42994
2.84325 1.7919
2.67388 2.41076
2.50429 3.21831
2.33462 4.11244
2.16491 4.97533
1.99517 5.70016
1.82543 6.21355
1.65567 6.47825
1.48592 6.47825
1.31617 6.21355
1.14642 5.70016
0.976687 4.97533
0.806974 4.11244
0.637301 3.21831
0.467711 2.41076
0.298346 1.7919
0.129975 1.42994

3.01162 -4.2597
2.84325 -3.88548
2.67388 -3.2539
2.50429 -2.43896
2.33462 -1.54141
2.16491 -0.676656
1.99517 0.0553579
1.82543 0.582371
1.65567 0.853321
1.48592 0.853321
1.31617 0.582371
1.14642 0.0553579
0.976687 -0.676656
0.806974 -1.54141
0.637301 -2.43896
0.467711 -3.2539
0.298346 -3.88548
0.129975 -4.2597

3.01162 -7.51307
2.84325 -7.15232
2.67388 -6.54862
2.50429 -5.77597
2.33462 -4.9302
2.16491 -4.10898
1.99517 -3.41757
1.82543 -2.92095
1.65567 -2.66196
1.48592 -2.66196
1.31617 -2.92095
1.14642 -3.41757
0.976687 -4.10898
0.806974 -4.9302
0.637301 -5.77597
0.467711 -6.54862
0.298346 -7.15232
0.129975 -7.51307

3.01162 -9.12253
2.84325 -8.79
2.67388 -8.23648
2.50429 -7.53268
2.33462 -6.76037
2.16491 -6.02259
1.99517 -5.39612
1.82543 -4.94465
1.65567 -4.70852
1.48592 -4.70852
1.31617 -4.94465
1.14642 -5.39612
0.976687 -6.02259
0.806974 -6.76037
0.637301 -7.53268
0.467711 -8.23648
0.298346 -8.79
0.129975 -9.12253

3.01162 -9.65316
2.84325 -9.35553
2.67388 -8.86258
2.50429 -8.23926
2.33462 -7.56361
2.16491 -6.91509
1.99517 -6.36448
1.82543 -5.96697
1.65567 -5.75845
1.48592 -5.75845
1.31617 -5.96697
1.14642 -6.36448
0.976687 -6.91509
0.806974 -7.56361
0.637301 -8.23926
0.467711 -8.86258
0.298346 -9.35553
0.129975 -9.65316

3.01162 -9.518
2.84325 -9.25762
2.67388 -8.82811
2.50429 -8.28763
2.33462 -7.70428
2.16491 -7.14591
1.99517 -6.67257
1.82543 -6.33074
1.65567 -6.15103
1.48592 -6.15103
1.31617 -6.33074
1.14642 -6.67257
0.976687 -7.14591
0.806974 -7.70428
0.637301 -8.28763
0.467711 -8.82811
0.298346 -9.25762
0.129975 -9.518

3.01162 -8.98894
2.84325 -8.76512
2.67388 -8.39733
2.50429 -7.93591
2.33462 -7.44006
2.16491 -6.96689
1.99517 -6.56598
1.82543 -6.27655
1.65567 -6.12436
1.48592 -6.12436
1.31617 -6.27655
1.14642 -6.56598
0.976687 -6.96689
0.806974 -7.44006
0.637301 -7.93591
0.467711 -8.39733
0.298346 -8.76512
0.129975 -8.98894

3.01162 -8.25307
2.84325 -8.06346
2.67388 -7.75263
2.50429 -7.3639
2.33462 -6.94697
2.16491 -6.54977
1.99517 -6.21378
1.82543 -5.97119
1.65567 -5.84384
1.48592 -5.84384
1.31617 -5.97119
1.14642 -6.21378
0.976687 -6.54977
0.806974 -6.94697
0.637301 -7.3639
0.467711 -7.75263
0.298346 -8.06346
0.129975 -8.25307

3.01162 -7.43267
2.84325 -7.27386
2.67388 -7.01363
2.50429 -6.68877
2.33462 -6.34083
2.16491 -6.00974
1.99517 -5.73001
1.82543 -5.528
1.65567 -5.42192
1.48592 -5.42192
1.31617 -5.528
1.14642 -5.73001
0.976687 -6.00974
0.806974 -6.34083
0.637301 -6.68877
0.467711 -7.01363
0.298346 -7.27386
0.129975 -7.43267

3.01162 -6.60413
2.84325 -6.47208
2.67388 -6.25575
2.50429 -5.98576
2.33462 -5.69668
2.16491 -5.42172
1.99517 -5.18934
1.82543 -5.02172
1.65567 -4.93367
1.48592 -4.93367
1.31617 -5.02172
1.14642 -5.18934
0.976687 -5.42172
0.806974 -5.69668
0.637301 -5.98576
0.467711 -6.25575
0.298346 -6.47208
0.129975 -6.60413

3.01162 -5.81265
2.84325 -5.70333
2.67388 -5.52417
2.50429 -5.30042
2.33462 -5.0607
2.16491 -4.83268
1.99517 -4.63989
1.82543 -4.50077
1.65567 -4.42772
1.48592 -4.42772
1.31617 -4.50077
1.14642 -4.63989
0.976687 -4.83268
0.806974 -5.0607
0.637301 -5.30042
0.467711 -5.52417
0.298346 -5.70333
0.129975 -5.81265

3.01162 -5.08237
2.84325 -4.99206
2.67388 -4.84387
2.50429 -4.65855
2.33462 -4.45985
2.16491 -4.27056
1.99517 -4.11049
1.82543 -3.99497
1.65567 -3.93431
1.48592 -3.93431
1.31617 -3.99497
1.14642 -4.11049
0.976687 -4.27056
0.806974 -4.45985
0.637301 -4.65855
0.467711 -4.84387
0.298346 -4.99206
0.129975 -5.08237

3.01162 -4.4239
2.84325 -4.34929
2.67388 -4.22667
2.50429 -4.07308
2.33462 -3.90807
2.16491 -3.75076
1.99517 -3.61766
1.82543 -3.52149
1.65567 -3.471
1.48592 -3.471
1.31617 -3.52149
1.14642 -3.61766
0.976687 -3.75076
0.806974 -3.90807
0.637301 -4.07308
0.467711 -4.22667
0.298346 -4.34929
0.129975 -4.4239

3.01162 -3.83963
2.84325 -3.77783
2.67388 -3.67617
2.50429 -3.54862
2.33462 -3.41137
2.16491 -3.28032
1.99517 -3.16933
1.82543 -3.08909
1.65567 -3.04694
1.48592 -3.04694
1.31617 -3.08909
1.14642 -3.16933
0.976687 -3.28032
0.806974 -3.41137
0.637301 -3.54862
0.467711 -3.67617
0.298346 -3.77783
0.129975 -3.83963

3.01162 -3.32691
2.84325 -3.27563
2.67388 -3.19113
2.50429 -3.08492
2.33462 -2.97045
2.16491 -2.86099
1.99517 -2.76812
1.82543 -2.70094
1.65567 -2.66554
1.48592 -2.66554
1.31617 -2.70094
1.14642 -2.76812
0.976687 -2.86099
0.806974 -2.97045
0.637301 -3.08492
0.467711 -3.19113
0.298346 -3.27563
0.129975 -3.32691

3.01162 -2.88067
2.84325 -2.83793
2.67388 -2.76745
2.50429 -2.67873
2.33462 -2.58295
2.16491 -2.49119
1.99517 -2.41322
1.82543 -2.35676
1.65567 -2.32696
1.48592 -2.32696
1.31617 -2.35676
1.14642 -2.41322
0.976687 -2.49119
0.806974 -2.58295
0.637301 -2.67873
0.467711 -2.76745
0.298346 -2.83793
0.129975 -2.88067

3.01162 -2.49432
2.84325 -2.45781
2.67388 -2.39964
2.50429 -2.32526
2.33462 -2.24481
2.16491 -2.1676
1.99517 -2.10188
1.82543 -2.05421
1.65567 -2.02895
1.48592 -2.02895
1.31617 -2.05421
1.14642 -2.10188
0.976687 -2.1676
0.806974 -2.24481
0.637301 -2.32526
0.467711 -2.39964
0.298346 -2.45781
0.129975 -2.49432

3.01162 -2.16122
2.84325 -2.13127
2.67388 -2.08169
2.50429 -2.01908
2.33462 -1.95122
2.16491 -1.88569
1.99517 -1.83025
1.82543 -1.78992
1.65567 -1.76847
1.48592 -1.76847
1.31617 -1.78992
1.14642 -1.83025
0.976687 -1.88569
0.806974 -1.95122
0.637301 -2.01908
0.467711 -2.08169
0.298346 -2.13127
0.129975 -2.16122

3.01162 -1.87466
2.84325 -1.84942
2.67388 -1.80756
2.50429 -1.75461
2.33462 -1.69712
2.16491 -1.64172
1.99517 -1.59441
1.82543 -1.56
1.65567 -1.54172
1.48592 -1.54172
1.31617 -1.56
1.14642 -1.59441
0.976687 -1.64172
0.806974 -1.69712
0.637301 -1.75461
0.467711 -1.80756
0.298346 -1.84942
0.129975 -1.87466

3.01162 -1.6285
2.84325 -1.60705
2.67388 -1.57155
2.50429 -1.52656
2.33462 -1.47763
2.16491 -1.43038
1.99517 -1.38996
1.82543 -1.36032
1.65567 -1.34484
1.48592 -1.34484
1.31617 -1.36032
1.14642 -1.38996
0.976687 -1.43038
0.806974 -1.47763
0.637301 -1.52656
0.467711 -1.57155
0.298346 -1.60705
0.129975 -1.6285

3.01162 -1.41691
2.84325 -1.39871
2.67388 -1.36845
2.50429 -1.33005
2.33462 -1.28819
2.16491 -1.24771
1.99517 -1.213
1.82543 -1.1877
1.65567 -1.17428
1.48592 -1.17428
1.31617 -1.1877
1.14642 -1.213
0.976687 -1.24771
0.806974 -1.28819
0.637301 -1.33005
0.467711 -1.36845
0.298346 -1.39871
0.129975 -1.41691

3.01162 -1.23518
2.84325 -1.21955
2.67388 -1.19362
2.50429 -1.16067
2.33462 -1.1247
2.16491 -1.08985
1.99517 -1.0599
1.82543 -1.03805
1.65567 -1.02649
1.48592 -1.02649
1.31617 -1.03805
1.14642 -1.0599
0.976687 -1.08985
0.806974 -1.1247
0.637301 -1.16067
0.467711 -1.19362
0.298346 -1.21955
0.129975 -1.23518

3.01162 -1.07876
2.84325 -1.06533
2.67388 -1.04301
2.50429 -1.0146
2.33462 -0.983534
2.16491 -0.95338
1.99517 -0.92746
1.82543 -0.908519
1.65567 -0.898499
1.48592 -0.898499
1.31617 -0.908519
1.14642 -0.92746
0.976687 -0.95338
0.806974 -0.983534
0.637301 -1.0146
0.467711 -1.04301
0.298346 -1.06533
0.129975 -1.07876

3.01162 -0.943978
2.84325 -0.932384
2.67388 -0.913098
2.50429 -0.888504
2.33462 -0.861556
2.16491 -0.835357
1.99517 -0.812803
1.82543 -0.796297
1.65567 -0.78756
1.48592 -0.78756
1.31617 -0.796297
1.14642 -0.812803
0.976687 -0.835357
0.806974 -0.861556
0.637301 -0.888504
0.467711 -0.913098
0.298346 -0.932384
0.129975 -0.943978

3.01162 -0.827602
2.84325 -0.817544
2.67388 -0.800788
2.50429 -0.779396
2.33462 -0.755925
2.16491 -0.733075
1.99517 -0.713377
1.82543 -0.698944
1.65567 -0.691289
1.48592 -0.691289
1.31617 -0.698944
1.14642 -0.713377
0.976687 -0.733075
0.806974 -0.755925
0.637301 -0.779396
0.467711 -0.800788
0.298346 -0.817544
0.129975 -0.827602

3.01162 -0.726907
2.84325 -0.71814
2.67388 -0.703521
2.50429 -0.684834
2.33462 -0.664305
2.16491 -0.644295
1.99517 -0.627025
1.82543 -0.614356
1.65567 -0.607626
1.48592 -0.607626
1.31617 -0.614356
1.14642 -0.627025
0.976687 -0.644295
0.806974 -0.664305
0.637301 -0.684834
0.467711 -0.703521
0.298346 -0.71814
0.129975 -0.726907

3.01162 -0.63958
2.84325 -0.631906
2.67388 -0.619097
2.50429 -0.602706
2.33462 -0.584681
2.16491 -0.567091
1.99517 -0.551894
1.82543 -0.540734
1.65567 -0.534797
1.48592 -0.534797
1.31617 -0.540734
1.14642 -0.551894
0.976687 -0.567091
0.806974 -0.584681
0.637301 -0.602706
0.467711 -0.619097
0.298346 -0.631906
0.129975 -0.63958

3.01162 -0.563667
2.84325 -0.556921
2.67388 -0.545652
2.50429 -0.531221
2.33462 -0.515334
2.16491 -0.499817
1.99517 -0.486398
1.82543 -0.476536
1.65567 -0.471283
1.48592 -0.471283
1.31617 -0.476536
1.14642 -0.486398
0.976687 -0.499817
0.806974 -0.515334
0.637301 -0.531221
0.467711 -0.545652
0.298346 -0.556921
0.129975 -0.563667

3.01162 -0.497511
2.84325 -0.491536
2.67388 -0.481556
2.50429 -0.468807
2.33462 -0.454788
2.16491 -0.441065
1.99517 -0.429182
1.82543 -0.420441
1.65567 -0.41578
1.48592 -0.41578
1.31617 -0.420441
1.14642 -0.429182
0.976687 -0.441065
0.806974 -0.454788
0.637301 -0.468807
0.467711 -0.481556
0.298346 -0.491536
0.129975 -0.497511

3.01162 -0.439726
2.84325 -0.434414
2.67388 -0.425569
2.50429 -0.414229
2.33462 -0.401735
2.16491 -0.389615
1.99517 -0.379082
1.82543 -0.37132
1.65567 -0.367177
1.48592 -0.367177
1.31617 -0.37132
1.14642 -0.379082
0.976687 -0.389615
0.806974 -0.401735
0.637301 -0.414229
0.467711 -0.425569
0.298346 -0.434414
0.129975 -0.439726

3.01162 -0.389118
2.84325 -0.384395
2.67388 -0.376512
2.50429 -0.366415
2.33462 -0.355341
2.16491 -0.344478
1.99517 -0.335081
1.82543 -0.328202
1.65567 -0.324522
1.48592 -0.324522
1.31617 -0.328202
1.14642 -0.335081
0.976687 -0.344478
0.806974 -0.355341
0.637301 -0.366415
0.467711 -0.376512
0.298346 -0.384395
0.129975 -0.389118

3.01162 -0.344688
2.84325 -0.340476
2.67388 -0.333445
2.50429 -0.324435
2.33462 -0.314507
2.16491 -0.304844
1.99517 -0.296454
1.82543 -0.290307
1.65567 -0.287018
1.48592 -0.287018
1.31617 -0.290307
1.14642 -0.296454
0.976687 -0.304844
0.806974 -0.314507
0.637301 -0.324435
0.467711 -0.333445
0.298346 -0.340476
0.129975 -0.344688

3.01162 -0.305535
2.84325 -0.301821
2.67388 -0.295532
2.50429 -0.287471
2.33462 -0.278585
2.16491 -0.269933
1.99517 -0.26242
1.82543 -0.256913
1.65567 -0.253968
1.48592 -0.253968
1.31617 -0.256913
1.14642 -0.26242
0.976687 -0.269933
0.806974 -0.278585
0.637301 -0.287471
0.467711 -0.295532
0.298346 -0.301821
0.129975 -0.305535

3.01162 -0.271098
2.84325 -0.267721
2.67388 -0.262081
2.50429 -0.254851
2.33462 -0.246878
2.16491 -0.23791
1.99517 -0.232318
1.82543 -0.227407
1.65567 -0.224774
1.48592 -0.224774
1.31617 -0.227407
1.14642 -0.232318
0.976687 -0.23791
0.806974 -0.246878
0.637301 -0.254851
0.467711 -0.262081
0.298346 -0.267721
0.129975 -0.271098

3.01162 -0.240551
2.84325 -0.237569
2.67388 -0.2325
2.50429 -0.225999
2.33462 -0.21883
2.16491 -0.21182
1.99517 -0.205748
1.82543 -0.201316
1.65567 -0.198945
1.48592 -0.198945
1.31617 -0.201316
1.14642 -0.205748
0.976687 -0.21182
0.806974 -0.21883
0.637301 -0.225999
0.467711 -0.2325
0.298346 -0.237569
0.129975 -0.240551

3.01162 -0.213584
2.84325 -0.210851
2.67388 -0.206284
2.50429 -0.200426
2.33462 -0.193965
2.16491 -0.187646
1.99517 -0.182172
1.82543 -0.178175
1.65567 -0.176037
1.48592 -0.176037
1.31617 -0.178175
1.14642 -0.182172
0.976687 -0.187646
0.806974 -0.193965
0.637301 -0.200426
0.467711 -0.206284
0.298346 -0.210851
0.129975 -0.213584

3.01162 -0.18959
2.84325 -0.187123
2.67388 -0.183
2.50429 -0.177711
2.33462 -0.171876
2.16491 -0.166169
1.99517 -0.161225
1.82543 -0.157612
1.65567 -0.155681
1.48592 -0.155681
1.31617 -0.157612
1.14642 -0.161225
0.976687 -0.166169
0.806974 -0.171876
0.637301 -0.177711
0.467711 -0.183
0.298346 -0.187123
0.129975 -0.18959

3.01162 -0.168238
2.84325 -0.166007
2.67388 -0.162278
2.50429 -0.157494
2.33462 -0.152215
2.16491 -0.14705
1.99517 -0.142575
1.82543 -0.139304
1.65567 -0.137557
1.48592 -0.137557
1.31617 -0.139304
1.14642 -0.142575
0.976687 -0.14705
0.806974 -0.152215
0.637301 -0.157494
0.467711 -0.162278
0.298346 -0.166007
0.129975 -0.168238

3.01162 -0.149148
2.84325 -0.147178
2.67388 -0.1438
2.50429 -0.139464
2.33462 -0.134678
2.16491 -0.129996
1.99517 -0.125939
1.82543 -0.122972
1.65567 -0.121388
1.48592 -0.121388
1.31617 -0.122972
1.14642 -0.125939
0.976687 -0.129996
0.806974 -0.134678
0.637301 -0.139464
0.467711 -0.1438
0.298346 -0.147178
0.129975 -0.149148

3.01162 -0.132192
2.84325 -0.130357
2.67388 -0.12729
2.50429 -0.123353
2.33462 -0.119009
2.16491 -0.114757
1.99517 -0.111072
1.82543 -0.108376
1.65567 -0.106938
1.48592 -0.106938
1.31617 -0.108376
1.14642 -0.111072
0.976687 -0.114757
0.806974 -0.119009
0.637301 -0.123353
0.467711 -0.12729
0.298346 -0.130357
0.129975 -0.132192

3.01162 -0.116968
2.84325 -0.1153
2.67388 -0.112511
2.50429 -0.108931
2.33462 -0.10498
2.16491 -0.101118
1.99517 -0.0977687
1.82543 -0.0953087
1.65567 -0.0939994
1.48592 -0.0939994
1.31617 -0.0953087
1.14642 -0.0977687
0.976687 -0.101118
0.806974 -0.10498
0.637301 -0.108931
0.467711 -0.112511
0.298346 -0.1153
0.129975 -0.116968

3.01162 -0.103317
2.84325 -0.101798
2.67388 -0.0992582
2.50429 -0.095998
2.33462 -0.0923989
2.16491 -0.0888798
1.99517 -0.0858279
1.82543 -0.083586
1.65567 -0.0823933
1.48592 -0.0823933
1.31617 -0.083586
1.14642 -0.0858279
0.976687 -0.0888798
0.806974 -0.0923989
0.637301 -0.095998
0.467711 -0.0992582
0.298346 -0.101798
0.129975 -0.103317

3.01162 -0.0910554
2.84325 -0.0896699
2.67388 -0.0873532
2.50429 -0.0843795
2.33462 -0.0810972
2.16491 -0.0778816
1.99517 -0.0751013
1.82543 -0.0730539
1.65567 -0.0719657
1.48592 -0.0719657
1.31617 -0.0730539
1.14642 -0.0751013
0.976687 -0.0778816
0.806974 -0.0810972
0.637301 -0.0843795
0.467711 -0.0873532
0.298346 -0.0896699
0.129975 -0.0910554

3.01162 -0.0800223
2.84325 -0.0787568
2.67388 -0.0766408
2.50429 -0.0739243
2.33462 -0.070927
2.16491 -0.0679905
1.99517 -0.065446
1.82543 -0.0635747
1.65567 -0.0625806
1.48592 -0.0625806
1.31617 -0.0635747
1.14642 -0.065446
0.976687 -0.0679905
0.806974 -0.070927
0.637301 -0.0739243
0.467711 -0.0766408
0.298346 -0.0787568
0.129975 -0.0800223

3.01162 -0.0700787
2.84325 -0.0689212
2.67388 -0.0669857
2.50429 -0.0645012
2.33462 -0.0617571
2.16491 -0.0590711
1.99517 -0.0567422
1.82543 -0.0550296
1.65567 -0.0541202
1.48592 -0.0541202
1.31617 -0.0550296
1.14642 -0.0567422
0.976687 -0.0590711
0.806974 -0.0617571
0.637301 -0.0645012
0.467711 -0.0669857
0.298346 -0.0689212
0.129975 -0.0700787

3.01162 -0.0611027
2.84325 -0.0600426
2.67388 -0.0582698
2.50429 -0.0559937
2.33462 -0.05348
2.16491 -0.0510182
1.99517 -0.0488839
1.82543 -0.0473147
1.65567 -0.0464816
1.48592 -0.0464816
1.31617 -0.0473147
1.14642 -0.0488839
0.976687 -0.0510182
0.806974 -0.05348
0.637301 -0.0559937
0.467711 -0.0582698
0.298346 -0.0600426
0.129975 -0.0611027

3.01162 -0.0529879
2.84325 -0.0520149
2.67388 -0.0503893
2.50429 -0.0483019
2.33462 -0.0459957
2.16491 -0.0437363
1.99517 -0.0417783
1.82543 -0.0403387
1.65567 -0.0395746
1.48592 -0.0395746
1.31617 -0.0403387
1.14642 -0.0417783
0.976687 -0.0437363
0.806974 -0.0459957
0.637301 -0.0483019
0.467711 -0.0503893
0.298346 -0.0520149
0.129975 -0.0529879

3.01162 -0.0456386
2.84325 -0.0447463
2.67388 -0.0432539
2.50429 -0.0413368
2.33462 -0.0392179
2.16491 -0.0371428
1.99517 -0.0353442
1.82543 -0.0340216
1.65567 -0.0333198
1.48592 -0.0333198
1.31617 -0.0340216
1.14642 -0.0353442
0.976687 -0.0371428
0.806974 -0.0392179
0.637301 -0.0413368
0.467711 -0.0432539
0.298346 -0.0447463
0.129975 -0.0456386

3.01162 -0.038977
2.84325 -0.0381565
2.67388 -0.0367835
2.50429 -0.0350192
2.33462 -0.0330721
2.16491 -0.0311638
1.99517 -0.0295095
1.82543 -0.0282929
1.65567 -0.0276475
1.48592 -0.0276475
1.31617 -0.0282929
1.14642 -0.0295095
0.976687 -0.0311638
0.806974 -0.0330721
0.637301 -0.0350192
0.467711 -0.0367835
0.298346 -0.0381565
0.129975 -0.038977

3.01162 -0.0329265
2.84325 -0.0321732
2.67388 -0.0309076
2.50429 -0.0292844
2.33462 -0.0274918
2.16491 -0.0257347
1.99517 -0.0242112
1.82543 -0.0230907
1.65567 -0.0224963
1.48592 -0.0224963
1.31617 -0.0230907
1.14642 -0.0242112
0.976687 -0.0257347
0.806974 -0.0274918
0.637301 -0.0292844
0.467711 -0.0309076
0.298346 -0.0321732
0.129975 -0.0329265

3.01162 -0.0274272
2.84325 -0.0267293
2.67388 -0.0255651
2.50429 -0.02407
2.33462 -0.0224178
2.16491 -0.020798
1.99517 -0.0193933
1.82543 -0.0183602
1.65567 -0.0178122
1.48592 -0.0178122
1.31617 -0.0183602
1.14642 -0.0193933
0.976687 -0.020798
0.806974 -0.0224178
0.637301 -0.02407
0.467711 -0.0255651
0.298346 -0.0267293
0.129975 -0.0274272

3.01162 -0.0224205
2.84325 -0.0217768
2.67388 -0.0207026
2.50429 -0.0193231
2.33462 -0.0177984
2.16491 -0.0163031
1.99517 -0.0150066
1.82543 -0.0140529
1.65567 -0.0135471
1.48592 -0.0135471
1.31617 -0.0140529
1.14642 -0.0150066
0.976687 -0.0163031
0.806974 -0.0177984
0.637301 -0.0193231
0.467711 -0.0207026
0.298346 -0.0217768
0.129975 -0.0224205

3.01162 -0.0178566
2.84325 -0.0172623
2.67388 -0.01627
2.50429 -0.0149956
2.33462 -0.0135869
2.16491 -0.0122055
1.99517 -0.0110074
1.82543 -0.0101261
1.65567 -0.00965861
1.48592 -0.00965861
1.31617 -0.0101261
1.14642 -0.0110074
0.976687 -0.0122055
0.806974 -0.0135869
0.637301 -0.0149956
0.467711 -0.01627
0.298346 -0.0172623
0.129975 -0.0178566

3.01162 -0.0136895
2.84325 -0.0131416
2.67388 -0.0122243
2.50429 -0.0110458
2.33462 -0.00974296
2.16491 -0.00846527
1.99517 -0.0073569
1.82543 -0.00654173
1.65567 -0.00610923
1.48592 -0.00610923
1.31617 -0.00654173
1.14642 -0.0073569
0.976687 -0.00846527
0.806974 -0.00974296
0.637301 -0.0110458
0.467711 -0.0122243
0.298346 -0.0131416
0.129975 -0.0136895

3.01162 -0.00988332
2.84325 -0.00937607
2.67388 -0.00852705
2.50429 -0.00743614
2.33462 -0.0062301
2.16491 -0.00504708
1.99517 -0.00402085
1.82543 -0.00326594
1.65567 -0.00286539
1.48592 -0.00286539
1.31617 -0.00326594
1.14642 -0.00402085
0.976687 -0.00504708
0.806974 -0.0062301
0.637301 -0.00743614
0.467711 -0.00852705
0.298346 -0.00937607
0.129975 -0.00988332

3.01162 -0.00640103
2.84325 -0.00593107
2.67388 -0.00514446
2.50429 -0.00413364
2.33462 -0.00301606
2.16491 -0.00191972
1.99517 -0.000968516
1.82543 -0.000268753
1.65567 0.000102571
1.48592 0.000102571
1.31617 -0.000268753
1.14642 -0.000968516
0.976687 -0.00191972
0.806974 -0.00301606
0.637301 -0.00413364
0.467711 -0.00514446
0.298346 -0.00593107
0.129975 -0.00640103

3.01162 -0.00321144
2.84325 -0.00277562
2.67388 -0.00204617
2.50429 -0.00110872
2.33462 -7.20585e-05
2.16491 0.000945052
1.99517 0.00182746
1.82543 0.00247677
1.65567 0.0028214
1.48592 0.0028214
1.31617 0.00247677
1.14642 0.00182746
0.976687 0.000945052
0.806974 -7.20585e-05
0.637301 -0.00110872
0.467711 -0.00204617
0.298346 -0.00277562
0.129975 -0.00321144

3.01162 -0.000286878
2.84325 0.000117663
2.67388 0.000794776
2.50429 0.00166507
2.33462 0.00262759
2.16491 0.00357189
1.99517 0.00439141
1.82543 0.00499443
1.65567 0.00531456
1.48592 0.00531456
1.31617 0.00499443
1.14642 0.00439141
0.976687 0.00357189
0.806974 0.00262759
0.637301 0.00166507
0.467711 0.000794776
0.298346 0.000117663
0.129975 -0.000286878

3.01162 0.00239768
2.84325 0.00277353
2.67388 0.00340261
2.50429 0.00421125
2.33462 0.00510567
2.16491 0.00598347
1.99517 0.0067451
1.82543 0.00730568
1.65567 0.00760333
1.48592 0.00760333
1.31617 0.00730568
1.14642 0.0067451
0.976687 0.00598347
0.806974 0.00510567
0.637301 0.00421125
0.467711 0.00340261
0.298346 0.00277353
0.129975 0.00239768

3.01162 0.00486449
2.84325 0.00521401
2.67388 0.00579897
2.50429 0.00655108
2.33462 0.00738301
2.16491 0.00819952
1.99517 0.00890809
1.82543 0.00942968
1.65567 0.00970667
1.48592 0.00970667
1.31617 0.00942968
1.14642 0.00890809
0.976687 0.00819952
0.806974 0.00738301
0.637301 0.00655108
0.467711 0.00579897
0.298346 0.00521401
0.129975 0.00486449

3.01162 0.0071336
2.84325 0.00745885
2.67388 0.00800336
2.50429 0.00870348
2.33462 0.00947798
2.16491 0.0102381
1.99517 0.0108979
1.82543 0.0113836
1.65567 0.0116416
1.48592 0.0116416
1.31617 0.0113836
1.14642 0.0108979
0.976687 0.0102381
0.806974 0.00947798
0.637301 0.00870348
0.467711 0.00800336
0.298346 0.00745885
0.129975 0.0071336

3.01162 0.00922283
2.84325 0.00952582
2.67388 0.0100331
2.50429 0.0106853
2.33462 0.0114069
2.16491 0.0121152
1.99517 0.01273
1.82543 0.0131828
1.65567 0.0134233
1.48592 0.0134233
1.31617 0.0131828
1.14642 0.01273
0.976687 0.0121152
0.806974 0.0114069
0.637301 0.0106853
0.467711 0.0100331
0.298346 0.00952582
0.129975 0.00922283

3.01162 0.0111484
2.84325 0.0114309
2.67388 0.0119038
2.50429 0.012512
2.33462 0.013185
2.16491 0.0138455
1.99517 0.014419
1.82543 0.0148413
1.65567 0.0150657
1.48592 0.0150657
1.31617 0.0148413
1.14642 0.014419
0.976687 0.0138455
0.806974 0.013185
0.637301 0.012512
0.467711 0.0119038
0.298346 0.0114309
0.129975 0.0111484

3.01162 0.012925
2.84325 0.0131885
2.67388 0.0136298
2.50429 0.0141973
2.33462 0.0148253
2.16491 0.0154418
1.99517 0.0159771
1.82543 0.0163715
1.65567 0.0165809
1.48592 0.0165809
1.31617 0.0163715
1.14642 0.0159771
0.976687 0.0154418
0.806974 0.0148253
0.637301 0.0141973
0.467711 0.0136298
0.298346 0.0131885
0.129975 0.012925

3.01162 0.0145654
2.84325 0.0148115
2.67388 0.0152235
2.50429 0.0157535
2.33462 0.0163401
2.16491 0.016916
1.99517 0.0174161
1.82543 0.0177844
1.65567 0.0179803
1.48592 0.0179803
1.31617 0.0177844
1.14642 0.0174161
0.976687 0.016916
0.806974 0.0163401
0.637301 0.0157535
0.467711 0.0152235
0.298346 0.0148115
0.129975 0.0145654

3.01162 0.0160815
2.84325 0.0163115
2.67388 0.0166965
2.50429 0.0171919
2.33462 0.0177402
2.16491 0.0182786
1.99517 0.0187462
1.82543 0.0190908
1.65567 0.0192739
1.48592 0.0192739
1.31617 0.0190908
1.14642 0.0187462
0.976687 0.0182786
0.806974 0.0177402
0.637301 0.0171919
0.467711 0.0166965
0.298346 0.0163115
0.129975 0.0160815

3.01162 0.017484
2.84325 0.0176991
2.67388 0.0180593
2.50429 0.0185226
2.33462 0.0190355
2.16491 0.0195392
1.99517 0.0199768
1.82543 0.0202992
1.65567 0.0204706
1.48592 0.0204706
1.31617 0.0202992
1.14642 0.0199768
0.976687 0.0195392
0.806974 0.0190355
0.637301 0.0185226
0.467711 0.0180593
0.298346 0.0176991
0.129975 0.017484

3.01162 0.0187825
2.84325 0.0189838
2.67388 0.0193209
2.50429 0.0197547
2.33462 0.0202348
2.16491 0.0207064
1.99517 0.0211162
1.82543 0.0214181
1.65567 0.0215787
1.48592 0.0215787
1.31617 0.0214181
1.14642 0.0211162
0.976687 0.0207064
0.806974 0.0202348
0.637301 0.0197547
0.467711 0.0193209
0.298346 0.0189838
0.129975 0.0187825

3.01162 0.0199857
2.84325 0.0201743
2.67388 0.02049
2.50429 0.0208964
2.33462 0.0213463
2.16491 0.0217882
1.99517 0.0221721
1.82543 0.0224551
1.65567 0.0226056
1.48592 0.0226056
1.31617 0.0224551
1.14642 0.0221721
0.976687 0.0217882
0.806974 0.0213463
0.637301 0.0208964
0.467711 0.02049
0.298346 0.0201743
0.129975 0.0199857

3.01162 0.0211017
2.84325 0.0212784
2.67388 0.0215744
2.50429 0.0219554
2.33462 0.0223772
2.16491 0.0227916
1.99517 0.0231517
1.82543 0.0234171
1.65567 0.0235582
1.48592 0.0235582
1.31617 0.0234171
1.14642 0.0231517
0.976687 0.0227916
0.806974 0.0223772
0.637301 0.0219554
0.467711 0.0215744
0.298346 0.0212784
0.129975 0.0211017

3.01162 0.0221376
2.84325 0.0223033
2.67388 0.0225811
2.50429 0.0229384
2.33462 0.0233343
2.16491 0.023723
1.99517 0.024061
1.82543 0.02431
1.65567 0.0244425
1.48592 0.0244425
1.31617 0.02431
1.14642 0.024061
0.976687 0.023723
0.806974 0.0233343
0.637301 0.0229384
0.467711 0.0225811
0.298346 0.0223033
0.129975 0.0221376

3.01162 0.0230998
2.84325 0.0232555
2.67388 0.0235162
2.50429 0.0238517
2.33462 0.0242233
2.16491 0.0245884
1.99517 0.0249057
1.82543 0.0251395
1.65567 0.0252639
1.48592 0.0252639
1.31617 0.0251395
1.14642 0.0249057
0.976687 0.0245884
0.806974 0.0242233
0.637301 0.0238517
0.467711 0.0235162
0.298346 0.0232555
0.129975 0.0230998

3.01162 0.0239945
2.84325 0.0241406
2.67388 0.0243855
2.50429 0.0247007
2.33462 0.0250498
2.16491 0.0253929
1.99517 0.025691
1.82543 0.0259109
1.65567 0.0260277
1.48592 0.0260277
1.31617 0.0259109
1.14642 0.025691
0.976687 0.0253929
0.806974 0.0250498
0.637301 0.0247007
0.467711 0.0243855
0.298346 0.0241406
0.129975 0.0239945

3.01162 0.0248268
2.84325 0.0249642
2.67388 0.0251944
2.50429 0.0254907
2.33462 0.0258189
2.16491 0.0261415
1.99517 0.0264219
1.82543 0.0266286
1.65567 0.0267385
1.48592 0.0267385
1.31617 0.0266286
1.14642 0.0264219
0.976687 0.0261415
0.806974 0.0258189
0.637301 0.0254907
0.467711 0.0251944
0.298346 0.0249642
0.129975 0.0248268

3.01162 0.0256854
2.84325 0.0257552
2.67388 0.0259566
2.50429 0.0262293
2.33462 0.026536
2.16491 0.0268388
1.99517 0.0271024
1.82543 0.0272967
1.65567 0.0274002
1.48592 0.0274002
1.31617 0.0272967
1.14642 0.0271024
0.976687 0.0268388
0.806974 0.026536
0.637301 0.0262293
0.467711 0.0259566
0.298346 0.0257552
0.129975 0.0256854

3.01162 0.026324
2.84325 0.0264456
2.67388 0.0266494
2.50429 0.0269118
2.33462 0.0272024
2.16491 0.027488
1.99517 0.0277364
1.82543 0.0279195
1.65567 0.0280169
1.48592 0.0280169
1.31617 0.0279195
1.14642 0.0277364
0.976687 0.027488
0.806974 0.0272024
0.637301 0.0269118
0.467711 0.0266494
0.298346 0.0264456
0.129975 0.026324

3.01162 0.0269973
2.84325 0.0271119
2.67388 0.0273038
2.50429 0.0275509
2.33462 0.0278247
2.16491 0.0280938
1.99517 0.0283278
1.82543 0.0285002
1.65567 0.028592
1.48592 0.028592
1.31617 0.0285002
1.14642 0.0283278
0.976687 0.0280938
0.806974 0.0278247
0.637301 0.0275509
0.467711 0.0273038
0.298346 0.0271119
0.129975 0.0269973

3.01162 0.0276257
2.84325 0.0277336
2.67388 0.0279145
2.50429 0.0281474
2.33462 0.0284053
2.16491 0.028659
1.99517 0.0288795
1.82543 0.029042
1.65567 0.0291286
1.48592 0.0291286
1.31617 0.029042
1.14642 0.0288795
0.976687 0.028659
0.806974 0.0284053
0.637301 0.0281474
0.467711 0.0279145
0.298346 0.0277336
0.129975 0.0276257

3.01162 0.0282124
2.84325 0.0283141
2.67388 0.0284847
2.50429 0.0287042
2.33462 0.0289476
2.16491 0.0291868
1.99517 0.0293947
1.82543 0.0295482
1.65567 0.0296297
1.48592 0.0296297
1.31617 0.0295482
1.14642 0.0293947
0.976687 0.0291868
0.806974 0.0289476
0.637301 0.0287042
0.467711 0.0284847
0.298346 0.0283141
0.129975 0.0282124

3.01162 0.0287606
2.84325 0.0288566
2.67388 0.0290175
2.50429 0.0292246
2.33462 0.0294542
2.16491 0.02968
1.99517 0.0298762
1.82543 0.0300209
1.65567 0.0300978
1.48592 0.0300978
1.31617 0.0300209
1.14642 0.0298762
0.976687 0.02968
0.806974 0.0294542
0.637301 0.0292246
0.467711 0.0290175
0.298346 0.0288566
0.129975 0.0287606

3.01162 0.0292731
2.84325 0.0293637
2.67388 0.0295157
2.50429 0.0297112
2.33462 0.0299279
2.16491 0.030141
1.99517 0.0303264
1.82543 0.0304629
1.65567 0.0305357
1.48592 0.0305357
1.31617 0.0304629
1.14642 0.0303264
0.976687 0.030141
0.806974 0.0299279
0.637301 0.0297112
0.467711 0.0295157
0.298346 0.0293637
0.129975 0.0292731

3.01162 0.0297527
2.84325 0.0298383
2.67388 0.0299817
2.50429 0.0301665
2.33462 0.0303713
2.16491 0.0305725
1.99517 0.0307476
1.82543 0.0308767
1.65567 0.0309454
1.48592 0.0309454
1.31617 0.0308767
1.14642 0.0307476
0.976687 0.0305725
0.806974 0.0303713
0.637301 0.0301665
0.467711 0.0299817
0.298346 0.0298383
0.129975 0.0297527

3.01162 0.0302016
2.84325 0.0302825
2.67388 0.0304181
2.50429 0.0305927
2.33462 0.0307862
2.16491 0.0309764
1.99517 0.0311419
1.82543 0.0312639
1.65567 0.0313289
1.48592 0.0313289
1.31617 0.0312639
1.14642 0.0311419
0.976687 0.0309764
0.806974 0.0307862
0.637301 0.0305927
0.467711 0.0304181
0.298346 0.0302825
0.129975 0.0302016

3.01162 0.0306223
2.84325 0.0306987
2.67388 0.030827
2.50429 0.030992
2.33462 0.031175
2.16491 0.0313549
1.99517 0.0315114
1.82543 0.0316269
1.65567 0.0316883
1.48592 0.0316883
1.31617 0.0316269
1.14642 0.0315114
0.976687 0.0313549
0.806974 0.031175
0.637301 0.030992
0.467711 0.030827
0.298346 0.0306987
0.129975 0.0306223

3.01162 0.0310165
2.84325 0.0310888
2.67388 0.0312101
2.50429 0.0313663
2.33462 0.0315395
2.16491 0.0317097
1.99517 0.0318577
1.82543 0.0319669
1.65567 0.0320252
1.48592 0.0320252
1.31617 0.0319669
1.14642 0.0318577
0.976687 0.0317097
0.806974 0.0315395
0.637301 0.0313663
0.467711 0.0312101
0.298346 0.0310888
0.129975 0.0310165

3.01162 0.0313863
2.84325 0.0314548
2.67388 0.0315695
2.50429 0.0317174
2.33462 0.0318813
2.16491 0.0320424
1.99517 0.0321827
1.82543 0.0322861
1.65567 0.0323412
1.48592 0.0323412
1.31617 0.0322861
1.14642 0.0321827
0.976687 0.0320424
0.806974 0.0318813
0.637301 0.0317174
0.467711 0.0315695
0.298346 0.0314548
0.129975 0.0313863

3.01162 0.0317334
2.84325 0.0317981
2.67388 0.0319069
2.50429 0.0320469
2.33462 0.0322021
2.16491 0.0323548
1.99517 0.0324875
1.82543 0.0325855
1.65567 0.0326376
1.48592 0.0326376
1.31617 0.0325855
1.14642 0.0324875
0.976687 0.0323548
0.806974 0.0322021
0.637301 0.0320469
0.467711 0.0319069
0.298346 0.0317981
0.129975 0.0317334

3.01162 0.0320591
2.84325 0.0321206
2.67388 0.0322237
2.50429 0.0323563
2.33462 0.0325034
2.16491 0.0326481
1.99517 0.0327738
1.82543 0.0328666
1.65567 0.0329161
1.48592 0.0329161
1.31617 0.0328666
1.14642 0.0327738
0.976687 0.0326481
0.806974 0.0325034
0.637301 0.0323563
0.467711 0.0322237
0.298346 0.0321206
0.129975 0.0320591

3.01162 0.0323654
2.84325 0.0324236
2.67388 0.0325212
2.50429 0.032647
2.33462 0.0327865
2.16491 0.0329236
1.99517 0.0330429
1.82543 0.0331309
1.65567 0.0331778
1.48592 0.0331778
1.31617 0.0331309
1.14642 0.0330429
0.976687 0.0329236
0.806974 0.0327865
0.637301 0.032647
0.467711 0.0325212
0.298346 0.0324236
0.129975 0.0323654

3.01162 0.0326532
2.84325 0.0327084
2.67388 0.032801
2.50429 0.0329203
2.33462 0.0330526
2.16491 0.0331827
1.99517 0.0332958
1.82543 0.0333793
1.65567 0.0334238
1.48592 0.0334238
1.31617 0.0333793
1.14642 0.0332958
0.976687 0.0331827
0.806974 0.0330526
0.637301 0.0329203
0.467711 0.032801
0.298346 0.0327084
0.129975 0.0326532

3.01162 0.032924
2.84325 0.0329763
2.67388 0.0330642
2.50429 0.0331774
2.33462 0.033303
2.16491 0.0334263
1.99517 0.0335338
1.82543 0.033613
1.65567 0.0336552
1.48592 0.0336552
1.31617 0.033613
1.14642 0.0335338
0.976687 0.0334263
0.806974 0.033303
0.637301 0.0331774
0.467711 0.0330642
0.298346 0.0329763
0.129975 0.032924

3.01162 0.0331787
2.84325 0.0332284
2.67388 0.0333118
2.50429 0.0334193
2.33462 0.0335384
2.16491 0.0336556
1.99517 0.0337576
1.82543 0.0338329
1.65567 0.033873
1.48592 0.033873
1.31617 0.0338329
1.14642 0.0337576
0.976687 0.0336556
0.806974 0.0335384
0.637301 0.0334193
0.467711 0.0333118
0.298346 0.0332284
0.129975 0.0331787

3.01162 0.0334186
2.84325 0.0334658
2.67388 0.0335451
2.50429 0.0336471
2.33462 0.0337602
2.16491 0.0338715
1.99517 0.0339684
1.82543 0.0340399
1.65567 0.034078
1.48592 0.034078
1.31617 0.0340399
1.14642 0.0339684
0.976687 0.0338715
0.806974 0.0337602
0.637301 0.0336471
0.467711 0.0335451
0.298346 0.0334658
0.129975 0.0334186

3.01162 0.0336446
2.84325 0.0336895
2.67388 0.0337648
2.50429 0.0338618
2.33462 0.0339692
2.16491 0.0340751
1.99517 0.034167
1.82543 0.034235
1.65567 0.0342711
1.48592 0.0342711
1.31617 0.034235
1.14642 0.034167
0.976687 0.0340751
0.806974 0.0339692
0.637301 0.0338618
0.467711 0.0337648
0.298346 0.0336895
0.129975 0.0336446

3.01162 0.0338576
2.84325 0.0339002
2.67388 0.0339718
2.50429 0.034064
2.33462 0.0341662
2.16491 0.0342667
1.99517 0.0343543
1.82543 0.0344189
1.65567 0.0344533
1.48592 0.0344533
1.31617 0.0344189
1.14642 0.0343543
0.976687 0.0342667
0.806974 0.0341662
0.637301 0.034064
0.467711 0.0339718
0.298346 0.0339002
0.129975 0.0338576

3.01162 0.0340586
2.84325 0.0340991
2.67388 0.0341671
2.50429 0.0342548
2.33462 0.034352
2.16491 0.0344477
1.99517 0.0345309
1.82543 0.0345923
1.65567 0.034625
1.48592 0.034625
1.31617 0.0345923
1.14642 0.0345309
0.976687 0.0344477
0.806974 0.034352
0.637301 0.0342548
0.467711 0.0341671
0.298346 0.0340991
0.129975 0.0340586

3.01162 0.0342481
2.84325 0.0342866
2.67388 0.0343513
2.50429 0.0344347
2.33462 0.0345272
2.16491 0.0346183
1.99517 0.0346974
1.82543 0.0347559
1.65567 0.034787
1.48592 0.034787
1.31617 0.0347559
1.14642 0.0346974
0.976687 0.0346183
0.806974 0.0345272
0.637301 0.0344347
0.467711 0.0343513
0.298346 0.0342866
0.129975 0.0342481

3.01162 0.0345105
2.84325 0.0344878
2.67388 0.0345343
2.50429 0.0346076
2.33462 0.0346936
2.16491 0.0347796
1.99517 0.0348549
1.82543 0.0349105
1.65567 0.03494
1.48592 0.03494
1.31617 0.0349105
1.14642 0.0348549
0.976687 0.0347796
0.806974 0.0346936
0.637301 0.0346076
0.467711 0.0345343
0.298346 0.0344878
0.129975 0.0345105

3.01162 0.034596
2.84325 0.0346309
2.67388 0.0346895
2.50429 0.0347651
2.33462 0.0348489
2.16491 0.0349314
1.99517 0.0350033
1.82543 0.0350562
1.65567 0.0350845
1.48592 0.0350845
1.31617 0.0350562
1.14642 0.0350033
0.976687 0.0349314
0.806974 0.0348489
0.637301 0.0347651
0.467711 0.0346895
0.298346 0.0346309
0.129975 0.034596

3.01162 0.0347556
2.84325 0.0347889
2.67388 0.0348448
2.50429 0.0349168
2.33462 0.0349966
2.16491 0.0350752
1.99517 0.0351436
1.82543 0.035194
1.65567 0.035221
1.48592 0.035221
1.31617 0.035194
1.14642 0.0351436
0.976687 0.0350752
0.806974 0.0349966
0.637301 0.0349168
0.467711 0.0348448
0.298346 0.0347889
0.129975 0.0347556

3.01162 0.0349065
2.84325 0.0349383
2.67388 0.0349915
2.50429 0.0350601
2.33462 0.0351362
2.16491 0.035211
1.99517 0.0352763
1.82543 0.0353244
1.65567 0.03535
1.48592 0.03535
1.31617 0.0353244
1.14642 0.0352763
0.976687 0.035211
0.806974 0.0351362
0.637301 0.0350601
0.467711 0.0349915
0.298346 0.0349383
0.129975 0.0349065

3.01162 0.0350493
2.84325 0.0350794
2.67388 0.0351302
2.50429 0.0351956
2.33462 0.0352682
2.16491 0.0353396
1.99517 0.0354017
1.82543 0.0354476
1.65567 0.035472
1.48592 0.035472
1.31617 0.0354476
1.14642 0.0354017
0.976687 0.0353396
0.806974 0.0352682
0.637301 0.0351956
0.467711 0.0351302
0.298346 0.0350794
0.129975 0.0350493

3.01162 0.0351843
2.84325 0.0352132
2.67388 0.0352615
2.50429 0.0353239
2.33462 0.0353931
2.16491 0.0354612
1.99517 0.0355205
1.82543 0.0355643
1.65567 0.0355875
1.48592 0.0355875
1.31617 0.0355643
1.14642 0.0355205
0.976687 0.0354612
0.806974 0.0353931
0.637301 0.0353239
0.467711 0.0352615
0.298346 0.0352132
0.129975 0.0351843

3.01162 0.0353122
2.84325 0.0353397
2.67388 0.0353858
2.50429 0.0354453
2.33462 0.0355113
2.16491 0.0355763
1.99517 0.0356328
1.82543 0.0356747
1.65567 0.0356968
1.48592 0.0356968
1.31617 0.0356747
1.14642 0.0356328
0.976687 0.0355763
0.806974 0.0355113
0.637301 0.0354453
0.467711 0.0353858
0.298346 0.0353397
0.129975 0.0353122

3.01162 0.0354333
2.84325 0.0354594
2.67388 0.0355035
2.50429 0.0355603
2.33462 0.0356234
2.16491 0.0356853
1.99517 0.0357393
1.82543 0.0357791
1.65567 0.0358005
1.48592 0.0358005
1.31617 0.0357791
1.14642 0.0357393
0.976687 0.0356853
0.806974 0.0356234
0.637301 0.0355603
0.467711 0.0355035
0.298346 0.0354594
0.129975 0.0354333

3.01162 0.0355479
2.84325 0.0355729
2.67388 0.035615
2.50429 0.0356692
2.33462 0.0357294
2.16491 0.0357885
1.99517 0.0358401
1.82543 0.0358782
1.65567 0.0358985
1.48592 0.0358985
1.31617 0.0358782
1.14642 0.0358401
0.976687 0.0357885
0.806974 0.0357294
0.637301 0.0356692
0.467711 0.035615
0.298346 0.0355729
0.129975 0.0355479

3.01162 0.0356566
2.84325 0.0356804
2.67388 0.0357207
2.50429 0.0357725
2.33462 0.0358299
2.16491 0.0358865
1.99517 0.0359356
1.82543 0.035972
1.65567 0.0359914
1.48592 0.0359914
1.31617 0.035972
1.14642 0.0359356
0.976687 0.0358865
0.806974 0.0358299
0.637301 0.0357725
0.467711 0.0357207
0.298346 0.0356804
0.129975 0.0356566

3.01162 0.0357596
2.84325 0.0357825
2.67388 0.0358208
2.50429 0.0358703
2.33462 0.0359251
2.16491 0.0359793
1.99517 0.0360262
1.82543 0.036061
1.65567 0.0360796
1.48592 0.0360796
1.31617 0.036061
1.14642 0.0360262
0.976687 0.0359793
0.806974 0.0359251
0.637301 0.0358703
0.467711 0.0358208
0.298346 0.0357825
0.129975 0.0357596

3.01162 0.0358574
2.84325 0.0358791
2.67388 0.0359158
2.50429 0.0359631
2.33462 0.0360156
2.16491 0.0360673
1.99517 0.0361122
1.82543 0.0361454
1.65567 0.0361631
1.48592 0.0361631
1.31617 0.0361454
1.14642 0.0361122
0.976687 0.0360673
0.806974 0.0360156
0.637301 0.0359631
0.467711 0.0359158
0.298346 0.0358791
0.129975 0.0358574

3.01162 0.0359501
2.84325 0.035971
2.67388 0.0360061
2.50429 0.0360513
2.33462 0.0361014
2.16491 0.0361508
1.99517 0.0361938
1.82543 0.0362256
1.65567 0.0362424
1.48592 0.0362424
1.31617 0.0362256
1.14642 0.0361938
0.976687 0.0361508
0.806974 0.0361014
0.637301 0.0360513
0.467711 0.0360061
0.298346 0.035971
0.129975 0.0359501

3.01162 0.0360381
2.84325 0.036058
2.67388 0.0360916
2.50429 0.0361349
2.33462 0.0361828
2.16491 0.03623
1.99517 0.0362711
1.82543 0.0363016
1.65567 0.0363178
1.48592 0.0363178
1.31617 0.0363016
1.14642 0.0362711
0.976687 0.03623
0.806974 0.0361828
0.637301 0.0361349
0.467711 0.0360916
0.298346 0.036058
0.129975 0.0360381

3.01162 0.0361218
2.84325 0.0361408
2.67388 0.0361729
2.50429 0.0362143
2.33462 0.0362602
2.16491 0.0363053
1.99517 0.0363446
1.82543 0.0363737
1.65567 0.0363892
1.48592 0.0363892
1.31617 0.0363737
1.14642 0.0363446
0.976687 0.0363053
0.806974 0.0362602
0.637301 0.0362143
0.467711 0.0361729
0.298346 0.0361408
0.129975 0.0361218

3.01162 0.0362011
2.84325 0.0362193
2.67388 0.0362501
2.50429 0.0362897
2.33462 0.0363336
2.16491 0.0363768
1.99517 0.0364144
1.82543 0.0364423
1.65567 0.0364571
1.48592 0.0364571
1.31617 0.0364423
1.14642 0.0364144
0.976687 0.0363768
0.806974 0.0363336
0.637301 0.0362897
0.467711 0.0362501
0.298346 0.0362193
0.129975 0.0362011

3.01162 0.0362766
2.84325 0.0362941
2.67388 0.0363235
2.50429 0.0363613
2.33462 0.0364034
2.16491 0.0364448
1.99517 0.0364809
1.82543 0.0365075
1.65567 0.0365218
1.48592 0.0365218
1.31617 0.0365075
1.14642 0.0364809
0.976687 0.0364448
0.806974 0.0364034
0.637301 0.0363613
0.467711 0.0363235
0.298346 0.0362941
0.129975 0.0362766

3.01162 0.0363484
2.84325 0.0363652
2.67388 0.0363932
2.50429 0.0364296
2.33462 0.03647
2.16491 0.0365095
1.99517 0.0365441
1.82543 0.0365696
1.65567 0.0365831
1.48592 0.0365831
1.31617 0.0365696
1.14642 0.0365441
0.976687 0.0365095
0.806974 0.03647
0.637301 0.0364296
0.467711 0.0363932
0.298346 0.0363652
0.129975 0.0363484

3.01162 0.0364167
2.84325 0.0364327
2.67388 0.0364597
2.50429 0.0364944
2.33462 0.036533
2.16491 0.036571
1.99517 0.0366041
1.82543 0.0366285
1.65567 0.0366415
1.48592 0.0366415
1.31617 0.0366285
1.14642 0.0366041
0.976687 0.036571
0.806974 0.036533
0.637301 0.0364944
0.467711 0.0364597
0.298346 0.0364327
0.129975 0.0364167

3.01162 0.0364816
2.84325 0.036497
2.67388 0.0365228
2.50429 0.0365562
2.33462 0.036593
2.16491 0.0366294
1.99517 0.0366613
1.82543 0.0366846
1.65567 0.0366971
1.48592 0.0366971
1.31617 0.0366846
1.14642 0.0366613
0.976687 0.0366294
0.806974 0.036593
0.637301 0.0365562
0.467711 0.0365228
0.298346 0.036497
0.129975 0.0364816

3.01162 0.0365434
2.84325 0.0365582
2.67388 0.036583
2.50429 0.0366148
2.33462 0.0366502
2.16491 0.0366851
1.99517 0.0367156
1.82543 0.036738
1.65567 0.0367501
1.48592 0.0367501
1.31617 0.036738
1.14642 0.0367156
0.976687 0.0366851
0.806974 0.0366502
0.637301 0.0366148
0.467711 0.036583
0.298346 0.0365582
0.129975 0.0365434

3.01162 0.0366024
2.84325 0.0366165
2.67388 0.0366401
2.50429 0.0366707
2.33462 0.0367047
2.16491 0.0367382
1.99517 0.0367674
1.82543 0.0367889
1.65567 0.0368004
1.48592 0.0368004
1.31617 0.0367889
1.14642 0.0367674
0.976687 0.0367382
0.806974 0.0367047
0.637301 0.0366707
0.467711 0.0366401
0.298346 0.0366165
0.129975 0.0366024

3.01162 0.0366583
2.84325 0.0366718
2.67388 0.0366946
2.50429 0.036724
2.33462 0.0367566
2.16491 0.0367887
1.99517 0.0368166
1.82543 0.0368372
1.65567 0.0368483
1.48592 0.0368483
1.31617 0.0368372
1.14642 0.0368166
0.976687 0.0367887
0.806974 0.0367566
0.637301 0.036724
0.467711 0.0366946
0.298346 0.0366718
0.129975 0.0366583

3.01162 0.0367118
2.84325 0.0367248
2.67388 0.0367465
2.50429 0.0367747
2.33462 0.0368059
2.16491 0.0368367
1.99517 0.0368636
1.82543 0.0368833
1.65567 0.0368941
1.48592 0.0368941
1.31617 0.0368833
1.14642 0.0368636
0.976687 0.0368367
0.806974 0.0368059
0.637301 0.0367747
0.467711 0.0367465
0.298346 0.0367248
0.129975 0.0367118

3.01162 0.0367627
2.84325 0.0367751
2.67388 0.0367961
2.50429 0.0368231
2.33462 0.036853
2.16491 0.0368826
1.99517 0.0369084
1.82543 0.0369275
1.65567 0.0369375
1.48592 0.0369375
1.31617 0.0369275
1.14642 0.0369084
0.976687 0.0368826
0.806974 0.036853
0.637301 0.0368231
0.467711 0.0367961
0.298346 0.0367751
0.129975 0.0367627

3.01162 0.0368112
2.84325 0.0368232
2.67388 0.0368433
2.50429 0.0368692
2.33462 0.0368981
2.16491 0.0369264
1.99517 0.0369511
1.82543 0.0369694
1.65567 0.036979
1.48592 0.036979
1.31617 0.0369694
1.14642 0.0369511
0.976687 0.0369264
0.806974 0.0368981
0.637301 0.0368692
0.467711 0.0368433
0.298346 0.0368232
0.129975 0.0368112

3.01162 0.0368574
2.84325 0.0368688
2.67388 0.0368882
2.50429 0.0369132
2.33462 0.0369408
2.16491 0.036968
1.99517 0.0369917
1.82543 0.0370094
1.65567 0.0370188
1.48592 0.0370188
1.31617 0.0370094
1.14642 0.0369917
0.976687 0.036968
0.806974 0.0369408
0.637301 0.0369132
0.467711 0.0368882
0.298346 0.0368688
0.129975 0.0368574

